L rho energy dudl virial
0.01 0.07 -2.223916 -222.353027 6.662699 [0.998722683, 0.9987225, 0.998721486, 0.998721755, 0.9987208679999999]
0.02 0.07 -4.458438 -222.715055 13.339059 [0.997443743, 0.997443697, 0.997441508, 0.997444402, 0.997441016]
0.03 0.07 -6.701486 -222.866703 20.023218 [0.9961656919999999, 0.9961664290000001, 0.996161878, 0.996162912, 0.9961635879999999]
0.04 0.07 -8.951294 -222.801685 26.708842 [0.994883022, 0.9948831680000001, 0.994884878, 0.9948861179999999, 0.9948840210000001]
0.05 0.07 -11.204904 -222.485958 33.388209 [0.993604237, 0.993604658, 0.9936074159999999, 0.993602808, 0.993604764]
0.06 0.07 -13.460325 -221.915928 40.05573 [0.992328392, 0.992325703, 0.99232617, 0.992324404, 0.9923274280000001]
0.07 0.07 -15.7142 -221.058875 46.702327 [0.991047471, 0.9910438930000001, 0.991049956, 0.9910488749999999, 0.991046571]
0.08 0.07 -17.964756 -219.91129 53.318484 [0.989760548, 0.989762617, 0.989763784, 0.9897656539999999, 0.98976055]
0.09 0.07 -20.208759 -218.452394 59.897001 [0.9884853570000001, 0.988482378, 0.9884764880000001, 0.98848044, 0.988486896]
0.10 0.07 -22.443023 -216.654549 66.428073 [0.987193354, 0.987194871, 0.987191664, 0.987196058, 0.987198721]
0.11 0.07 -24.66241 -214.484036 72.896257 [0.985906355, 0.985901745, 0.985900834, 0.9858974220000001, 0.98589864]
0.12 0.07 -26.865553 -211.941988 79.291632 [0.984596917, 0.984608812, 0.984597928, 0.984598007, 0.984604197]
0.13 0.07 -29.048626 -209.00478 85.610888 [0.983294031, 0.983293404, 0.9832891610000001, 0.9832897810000001, 0.983289914]
0.14 0.07 -31.208275 -205.650411 91.836899 [0.9819636119999999, 0.981962051, 0.981960072, 0.981963416, 0.981958186]
0.15 0.07 -33.339444 -201.86434 97.952956 [0.980621823, 0.980625809, 0.980622804, 0.9806235759999999, 0.9806237250000001]
0.16 0.07 -35.439979 -197.623836 103.948753 [0.979266775, 0.979267565, 0.9792723, 0.979269681, 0.979267682]
0.17 0.07 -37.505694 -192.917538 109.814632 [0.977881594, 0.977884003, 0.977884446, 0.9778774640000001, 0.977890725]
0.18 0.07 -39.532203 -187.71529 115.52152 [0.9764803440000001, 0.9764704989999999, 0.9764818710000001, 0.976478637, 0.976480204]
0.19 0.07 -41.517377 -182.036487 121.076356 [0.975041593, 0.9750482229999999, 0.9750467899999999, 0.975044309, 0.975047314]
0.20 0.07 -43.457053 -175.851961 126.443978 [0.973583369, 0.9735705100000001, 0.9735831580000001, 0.973578563, 0.973586069]
0.21 0.07 -45.350376 -169.179853 131.624845 [0.9720707630000001, 0.972074855, 0.972073622, 0.972070832, 0.9720832269999999]
0.22 0.07 -47.193657 -162.006923 136.595606 [0.9705329460000001, 0.9705388749999999, 0.970522496, 0.9705172369999999, 0.970532503]
0.23 0.07 -48.98641 -154.320105 141.336488 [0.968925697, 0.968925941, 0.968933685, 0.968924416, 0.968941938]
0.24 0.07 -50.725956 -146.161293 145.843008 [0.967296845, 0.967290788, 0.967285847, 0.96729477, 0.967297291]
0.25 0.07 -52.414718 -137.559983 150.107024 [0.9655961120000001, 0.965592205, 0.965589763, 0.965596864, 0.965583105]
0.26 0.07 -54.043395 -128.462972 154.089075 [0.96384201, 0.963853421, 0.9638453810000001, 0.963843754, 0.963846533]
0.27 0.07 -55.625876 -118.999479 157.801389 [0.962039308, 0.962036483, 0.962040228, 0.962028305, 0.9620410859999999]
0.28 0.07 -57.15417 -109.14015 161.217596 [0.960163449, 0.960168633, 0.960144806, 0.960158352, 0.960146756]
0.29 0.07 -58.63868 -98.963587 164.339274 [0.958214661, 0.958226958, 0.958217774, 0.958211166, 0.958213962]
0.30 0.07 -60.072154 -88.485253 167.136548 [0.95620759, 0.95620448, 0.956201394, 0.956188222, 0.956189445]
0.31 0.07 -61.465929 -77.750716 169.602352 [0.95412355, 0.954124787, 0.954116933, 0.954111172, 0.954118864]
0.32 0.07 -62.823162 -66.86486 171.744357 [0.951956639, 0.951966742, 0.951965323, 0.951973433, 0.9519678540000001]
0.33 0.07 -64.153971 -55.871277 173.574336 [0.949728565, 0.9497278140000001, 0.9497385, 0.94972453, 0.94972795]
0.34 0.07 -65.456959 -44.881115 175.073192 [0.9474266250000001, 0.9474251389999999, 0.947445054, 0.9474265239999999, 0.947430655]
0.35 0.07 -66.741757 -33.852785 176.214078 [0.94504728, 0.945044118, 0.945059906, 0.945053446, 0.945054147]
0.36 0.07 -68.01129 -22.894251 177.00706 [0.942606015, 0.942624141, 0.942607838, 0.942609926, 0.942602196]
0.37 0.07 -69.276217 -12.115229 177.491057 [0.940104305, 0.940096791, 0.940076253, 0.940082332, 0.9400868339999999]
0.38 0.07 -70.547123 -1.564763 177.640993 [0.9375038609999999, 0.937510007, 0.937498283, 0.937500249, 0.9375034609999999]
0.39 0.07 -71.81738 8.74231 177.463888 [0.9348359390000001, 0.934851996, 0.934851602, 0.934841198, 0.934872154]
0.40 0.07 -73.100164 18.786203 176.981538 [0.9321458890000001, 0.932121964, 0.9321410059999999, 0.932122737, 0.9321470249999999]
0.41 0.07 -74.393607 28.451905 176.206699 [0.929363017, 0.929355016, 0.929345305, 0.9293615399999999, 0.929369899]
0.42 0.07 -75.706485 37.818063 175.12044 [0.926529691, 0.9265340289999999, 0.926520012, 0.9265205679999999, 0.9265303380000001]
0.43 0.07 -77.03128 46.84234 173.768163 [0.923641136, 0.923634692, 0.92363095, 0.923662961, 0.923653979]
0.44 0.07 -78.373936 55.535633 172.111496 [0.92070062, 0.920699119, 0.920728977, 0.920722102, 0.920714007]
0.45 0.07 -79.723421 63.879554 170.21964 [0.9177390780000001, 0.91774811, 0.91774673, 0.917739256, 0.917758624]
0.46 0.07 -81.095199 71.9115 168.076006 [0.914727499, 0.914735544, 0.914728058, 0.9147285629999999, 0.9147510489999999]
0.47 0.07 -82.468307 79.75461 165.64244 [0.911672237, 0.911673483, 0.911681032, 0.911690332, 0.911702618]
0.48 0.07 -83.856077 87.240685 163.027349 [0.908595717, 0.9086129249999999, 0.908611219, 0.90859455, 0.90859753]
0.49 0.07 -85.240829 94.53809 160.16195 [0.905498819, 0.905482955, 0.905489979, 0.905478699, 0.905504109]
0.50 0.07 -86.632882 101.653455 157.058198 [0.9023598939999999, 0.902330508, 0.9023255210000001, 0.902344193, 0.902334575]
0.51 0.07 -88.018811 108.607521 153.736071 [0.899196809, 0.899182368, 0.899180851, 0.899173897, 0.8991663839999999]
0.52 0.07 -89.409183 115.339073 150.237582 [0.89597958, 0.895981915, 0.895990609, 0.895993724, 0.8959829340000001]
0.53 0.07 -90.785858 122.0538 146.486181 [0.892780844, 0.892781354, 0.8927691769999999, 0.892762627, 0.892774545]
0.54 0.07 -92.158393 128.569107 142.540748 [0.8895349260000001, 0.8895531720000001, 0.889569463, 0.8895396170000001, 0.889533461]
0.55 0.07 -93.515457 135.070477 138.365419 [0.886274106, 0.8863023480000001, 0.8862928210000001, 0.8862894649999999, 0.8862918399999999]
0.56 0.07 -94.864194 141.422118 134.005699 [0.8830264889999999, 0.883030694, 0.883031645, 0.883031205, 0.8830118570000001]
0.57 0.07 -96.221369 147.558872 129.556425 [0.879730389, 0.879713964, 0.879745169, 0.879729762, 0.8797515469999999]
0.58 0.07 -97.557583 153.707469 124.805204 [0.876446839, 0.876418111, 0.8764204609999999, 0.8764335780000001, 0.876431003]
0.59 0.07 -98.870481 159.804709 119.898788 [0.873122584, 0.8731096110000001, 0.873115474, 0.8731224209999999, 0.8731327339999999]
0.60 0.07 -100.167434 165.937537 114.723763 [0.869782603, 0.869785742, 0.869775604, 0.869790083, 0.869761409]
0.61 0.07 -101.46221 171.867478 109.441079 [0.8664459369999999, 0.866410687, 0.866433182, 0.8664430750000001, 0.86642787]
0.62 0.07 -102.730552 177.802317 103.961105 [0.863081651, 0.863100464, 0.863070826, 0.863109254, 0.863061169]
0.63 0.07 -103.989098 183.68853 98.277913 [0.859715343, 0.85972591, 0.8596967790000001, 0.859717485, 0.859719832]
0.64 0.07 -105.224603 189.517508 92.389664 [0.856326092, 0.856347516, 0.856337592, 0.856362281, 0.8563723759999999]
0.65 0.07 -106.461966 195.216956 86.415098 [0.852945151, 0.85295418, 0.852996086, 0.852960967, 0.852965433]
0.66 0.07 -107.669451 200.979857 80.13863 [0.8495624079999999, 0.8495809910000001, 0.849577471, 0.849573103, 0.849568289]
0.67 0.07 -108.860186 206.652321 73.759904 [0.846193717, 0.846179578, 0.8461641049999999, 0.846173069, 0.846166081]
0.68 0.07 -110.037933 212.290103 67.192652 [0.842764761, 0.842755059, 0.842742939, 0.842772968, 0.8427485809999999]
0.69 0.07 -111.17634 218.000972 60.375783 [0.839364096, 0.839339449, 0.839348456, 0.8393387240000001, 0.839368971]
0.70 0.07 -112.320575 223.471139 53.52431 [0.835922959, 0.8359468720000001, 0.835926956, 0.835915053, 0.835918782]
0.71 0.07 -113.428931 229.090207 46.356171 [0.8324865109999999, 0.832496177, 0.832496072, 0.8324915340000001, 0.8324810149999999]
0.72 0.07 -114.540451 234.518077 39.164436 [0.8290599169999999, 0.829053421, 0.829037976, 0.8290603679999999, 0.829059686]
0.73 0.07 -115.626191 239.910357 31.803067 [0.825617161, 0.8256086220000001, 0.825621504, 0.825633078, 0.8256441130000001]
0.74 0.07 -116.674432 245.426166 24.128038 [0.822170301, 0.822166424, 0.822180889, 0.8221563009999999, 0.822178538]
0.75 0.07 -117.710436 250.884544 16.309993 [0.818730805, 0.818738274, 0.81870325, 0.818728517, 0.818710136]
0.76 0.07 -118.724033 256.282268 8.347895 [0.815287571, 0.8152696749999999, 0.815263998, 0.81530003, 0.815279752]
0.77 0.07 -119.726238 261.634082 0.279457 [0.81183451, 0.811779941, 0.8118611849999999, 0.811834978, 0.811797756]
0.78 0.07 -120.69861 267.071636 -8.14676 [0.808350621, 0.808352741, 0.808353997, 0.808362103, 0.808345715]
0.79 0.07 -121.651876 272.362844 -16.548408 [0.8049017700000001, 0.804897486, 0.804884497, 0.804885751, 0.804905177]
0.80 0.07 -122.584564 277.750117 -25.269993 [0.801416769, 0.801437444, 0.801424499, 0.80142504, 0.8014217539999999]
0.81 0.07 -123.495747 283.01035 -34.03526 [0.797979751, 0.79796126, 0.797966575, 0.797948947, 0.797972714]
0.82 0.07 -124.384177 288.279637 -43.020745 [0.79450037, 0.79448016, 0.7944884, 0.794502771, 0.7944830730000001]
0.83 0.07 -125.260819 293.502868 -52.127961 [0.7910023310000001, 0.791006102, 0.79100276, 0.791006793, 0.7910096440000001]
0.84 0.07 -126.103381 298.695746 -61.373072 [0.787540427, 0.787542186, 0.787523754, 0.7875502910000001, 0.7875309690000001]
0.85 0.07 -126.913562 304.001416 -70.943438 [0.784065282, 0.7840869580000001, 0.784095282, 0.78406272, 0.78407543]
0.86 0.07 -127.720002 309.187161 -80.577539 [0.780619492, 0.780598805, 0.7805880620000001, 0.780612689, 0.780587556]
0.87 0.07 -128.508161 314.261791 -90.251882 [0.777105045, 0.777106292, 0.7771116339999999, 0.7771241, 0.7771396639999999]
0.88 0.07 -129.265332 319.567415 -100.425811 [0.77363716, 0.77365157, 0.773634261, 0.773614312, 0.773630115]
0.89 0.07 -129.994323 324.679724 -110.499666 [0.7701591059999999, 0.770138866, 0.770150378, 0.7701652130000001, 0.770157338]
0.90 0.07 -130.710078 329.762814 -120.728574 [0.766635526, 0.766664434, 0.766688282, 0.766673884, 0.766675267]
0.91 0.07 -131.38832 334.893909 -131.228499 [0.763192648, 0.763210151, 0.7632087430000001, 0.7631817190000001, 0.763219612]
0.92 0.07 -132.059196 340.067806 -141.925086 [0.759704936, 0.759707162, 0.7597078820000001, 0.7597214640000001, 0.759743606]
0.93 0.07 -132.707287 345.105335 -152.647594 [0.7562271, 0.75623593, 0.756234074, 0.7562453520000001, 0.756253926]
0.94 0.07 -133.307569 350.258071 -163.724769 [0.752768424, 0.752766394, 0.752774371, 0.7527663870000001, 0.752761731]
0.95 0.07 -133.923497 355.245646 -174.781229 [0.74929472, 0.749275354, 0.749263444, 0.7492742539999999, 0.749310055]
0.96 0.07 -134.499594 360.301626 -186.063815 [0.745804491, 0.745793452, 0.745814236, 0.74580497, 0.745799995]
0.97 0.07 -135.041005 365.441568 -197.659694 [0.742328761, 0.742309769, 0.742311613, 0.7423341, 0.742336449]
0.98 0.07 -135.563851 370.50183 -209.338311 [0.738840635, 0.738857871, 0.738879316, 0.7388658619999999, 0.738830409]
0.99 0.07 -136.071923 375.452047 -221.037918 [0.7353741, 0.735363839, 0.735383379, 0.735376788, 0.7353905919999999]
1.00 0.07 -136.550654 380.508837 -233.081996 [0.7319086020000001, 0.731901538, 0.731916485, 0.731884288, 0.7319053440000001]
