L rho energy dudl virial
0.01 2.500001 -79.420392 -7940.656448 237.927876 [0.994650739, 0.994655705, 0.994657701, 0.994652977, 0.994659672]
0.02 2.500001 -159.249719 -7955.0727 476.376677 [0.9891097719999999, 0.98911678, 0.9891149189999999, 0.989119188, 0.9891135]
0.03 2.500001 -239.48616 -7964.321322 715.27128 [0.983361148, 0.983342344, 0.983358291, 0.983350377, 0.983359601]
0.04 2.500001 -320.135418 -7968.089139 954.539878 [0.9773525949999999, 0.9773428070000001, 0.9773392160000001, 0.9773510889999999, 0.977347694]
0.05 2.500001 -401.21417 -7966.083493 1194.142883 [0.971064061, 0.971046644, 0.971059307, 0.971056294, 0.971066553]
0.06 2.500001 -482.786718 -7958.559745 1434.12138 [0.964438608, 0.964431702, 0.9644389179999999, 0.964464426, 0.964436344]
0.07 2.500001 -564.951151 -7945.645587 1674.566837 [0.957425226, 0.957426648, 0.95742583, 0.957443797, 0.957436301]
0.08 2.500001 -647.866642 -7927.71486 1915.746417 [0.949946666, 0.949968344, 0.949940411, 0.9499445980000001, 0.9499464630000001]
0.09 2.500001 -731.927191 -7907.008035 2158.399498 [0.941854601, 0.941843422, 0.9418534199999999, 0.9418444290000001, 0.941859037]
0.10 2.500001 -1136.559719 -10286.100474 2487.598634 [0.848649042, 0.932801586, 0.93280468, 0.9328098469999999, 0.932839718]
0.11 2.500001 -15397.033941 -101006.857681 5948.051473 [0.248568278, 0.207829885, 0.208722668, 0.203894648, 0.214019988]
0.12 2.500001 -16514.911573 -92843.553515 5988.22726 [0.2060955, 0.206208781, 0.205950355, 0.206107076, 0.206892788]
0.13 2.500001 -17344.707883 -83214.208017 5987.700675 [0.209028624, 0.20896214800000001, 0.208928112, 0.20893534600000002, 0.208964146]
0.14 2.500001 -18063.329467 -73332.029819 5988.004068 [0.21264716099999997, 0.212637426, 0.212633462, 0.212610111, 0.212659584]
0.15 2.500001 -18670.969446 -63256.710177 5987.872877 [0.216711399, 0.216708731, 0.21668073799999998, 0.216706052, 0.216725722]
0.16 2.500001 -19167.420347 -53043.583737 5988.033203 [0.221017551, 0.22106345100000002, 0.221042988, 0.221046599, 0.221015615]
0.17 2.500001 -19552.625447 -42741.100157 5987.802642 [0.225566658, 0.225580964, 0.225549306, 0.225569762, 0.22559941300000003]
0.18 2.500001 -19826.796013 -32399.988631 5987.686506 [0.230197315, 0.2301887, 0.23017568, 0.230135063, 0.23017601999999998]
0.19 2.500001 -19990.08076 -22070.978026 5987.700995 [0.23479424100000001, 0.234782716, 0.234794517, 0.234810939, 0.23481142]
0.20 2.500001 -20043.378333 -11809.501989 5988.201752 [0.23938968900000002, 0.239390116, 0.239370609, 0.239371151, 0.239355538]
0.21 2.500001 -19987.749856 -1670.081977 5987.56584 [0.24387267899999998, 0.243866537, 0.243881037, 0.24384649400000002, 0.243871222]
0.22 2.500001 -19824.518914 8276.209741 5988.342906 [0.24822704, 0.248232831, 0.24824542, 0.248226149, 0.248228492]
0.23 2.500001 -19556.140477 17961.722143 5988.540384 [0.252376136, 0.252389803, 0.25238061, 0.25239159499999997, 0.25239534399999997]
0.24 2.500001 -19185.425682 27309.610065 5987.736313 [0.256372815, 0.25634290400000004, 0.25639309, 0.256371972, 0.25633819999999996]
0.25 2.500001 -18715.697883 36228.267513 5987.830762 [0.260062287, 0.260076228, 0.260054176, 0.26005147900000003, 0.260075712]
0.26 2.500001 -18151.505493 44626.308349 5988.070327 [0.263443249, 0.263488275, 0.263466068, 0.263474148, 0.263468005]
0.27 2.500001 -17498.201627 52408.33785 5987.553874 [0.26653146299999997, 0.266543006, 0.266534202, 0.266517457, 0.266505269]
0.28 2.500001 -16761.521116 59464.058438 5987.486799 [0.26923069099999997, 0.269215526, 0.26923823199999997, 0.269179568, 0.269232699]
0.29 2.500001 -15948.480039 65680.361265 5987.936628 [0.271563393, 0.27156416, 0.27154281700000005, 0.271540858, 0.271556985]
0.30 2.500001 -15066.869903 70937.361993 5988.173876 [0.27345831200000004, 0.273472964, 0.27345355, 0.273490308, 0.273455754]
0.31 2.500001 -14125.077678 75100.068465 5988.659673 [0.275021097, 0.275046982, 0.275014578, 0.274992394, 0.27501668300000004]
0.32 2.500001 -13132.413491 78027.617928 5987.493206 [0.27625114900000003, 0.27624138, 0.27625152, 0.27625647799999997, 0.276256818]
0.33 2.500001 -12097.984728 79546.344178 5987.244576 [0.277327968, 0.277315557, 0.277322327, 0.277340657, 0.277312611]
0.34 2.500001 -11031.30951 79475.409276 5985.509349 [0.278410166, 0.278391279, 0.278446579, 0.278399656, 0.278429098]
0.35 2.500001 -9939.512957 77577.314104 5982.751695 [0.280079333, 0.280032373, 0.280038754, 0.28002005399999996, 0.279988554]
0.36 2.500001 -8826.591292 73564.765463 5973.358194 [0.283019637, 0.282993688, 0.28304634399999995, 0.28305505200000003, 0.283065878]
0.37 2.500001 -7687.590806 66992.672844 5952.448754 [0.289416282, 0.289413753, 0.28941288499999995, 0.289422134, 0.289398994]
0.38 2.500001 -6503.24088 57183.174869 5912.03658 [0.303385214, 0.30344465600000003, 0.303457267, 0.303390459, 0.30340625499999996]
0.39 2.500001 -5218.727117 42820.07158 5867.500015 [0.33508648399999996, 0.33499606400000004, 0.335025542, 0.33505991700000004, 0.33502786100000004]
0.40 2.500001 -3687.874684 21260.870211 5865.634054 [0.405194341, 0.40523716099999996, 0.40531281900000005, 0.405630434, 0.40550239499999996]
0.41 2.500001 -2489.660728 5839.225754 5418.637591 [0.474017037, 0.473909812, 0.473847418, 0.473700729, 0.473855296]
0.42 2.500001 -2349.290703 5185.112598 5113.986733 [0.459458441, 0.45945941, 0.459465279, 0.45943068499999995, 0.459425532]
0.43 2.500001 -2309.550328 5533.956046 4857.022849 [0.435179976, 0.43517911, 0.435205858, 0.435211792, 0.435191949]
0.44 2.500001 -2288.467454 6083.869689 4584.850662 [0.408626087, 0.408620228, 0.40862443400000004, 0.408633573, 0.408653909]
0.45 2.500001 -2272.497726 6725.477836 4282.573382 [0.381265793, 0.381272849, 0.38126372799999997, 0.381267109, 0.38128342]
0.46 2.500001 -2257.130754 7424.959819 3943.567556 [0.35366352300000004, 0.35366094400000003, 0.353661391, 0.353637953, 0.353630091]
0.47 2.500001 -2240.471233 8173.634306 3562.941037 [0.326229891, 0.32620594, 0.326176433, 0.326180923, 0.326208746]
0.48 2.500001 -2221.141667 8967.296364 3136.962315 [0.29921778899999996, 0.299203303, 0.29923583, 0.299218888, 0.29921923]
0.49 2.500001 -2198.1728 9807.979401 2661.273492 [0.272901426, 0.272945322, 0.272944539, 0.27294144099999995, 0.27292314900000003]
0.50 2.500001 -2170.943653 10696.048478 2131.93804 [0.247497822, 0.24749516300000002, 0.247500171, 0.247496375, 0.24754021599999998]
0.51 2.500001 -2138.760304 11632.207871 1545.77048 [0.8186760820000001, 0.818697282, 0.8186683459999999, 0.818652656, 0.818667627]
0.52 2.500001 -2101.019334 12621.939188 898.433914 [0.80974267, 0.809775168, 0.809754997, 0.8097418439999999, 0.809739333]
0.53 2.500001 -2056.971894 13666.801164 185.08493 [0.800583703, 0.8005812990000001, 0.800579959, 0.800546097, 0.800593601]
0.54 2.500001 -2005.717268 14774.64207 -599.829317 [0.791119491, 0.791129887, 0.791102007, 0.791131655, 0.7911219519999999]
0.55 2.500001 -1947.153583 15944.136217 -1459.541303 [0.781390735, 0.78139438, 0.781392605, 0.7813873149999999, 0.781392235]
0.56 2.500001 -1880.286497 17182.610405 -2400.353931 [0.771410522, 0.771425213, 0.7714054960000001, 0.77140111, 0.771407183]
0.57 2.500001 -1804.488628 18493.709243 -3427.756521 [0.761088559, 0.7611343740000001, 0.7611217539999999, 0.761108119, 0.761104157]
0.58 2.500001 -1719.102786 19882.507193 -4548.499984 [0.750554058, 0.7505487070000001, 0.750540955, 0.750531708, 0.750573165]
0.59 2.500001 -1623.392888 21353.832312 -5768.181743 [0.739660428, 0.739680436, 0.73970443, 0.7396713930000001, 0.739666463]
0.60 2.500001 -1516.707459 22911.972938 -7094.157407 [0.7284983270000001, 0.7285262459999999, 0.7285226929999999, 0.728502741, 0.7285115280000001]
0.61 2.500001 -1397.875781 24565.75799 -8535.034437 [0.7170423290000001, 0.717004938, 0.717014, 0.717022709, 0.717033271]
0.62 2.500001 -1266.544506 26316.741493 -10096.445557 [0.705239301, 0.705228545, 0.705213475, 0.705193706, 0.705246008]
0.63 2.500001 -1121.281427 28176.379328 -11789.924912 [0.693064879, 0.693126159, 0.6931188580000001, 0.693125126, 0.6931326259999999]
0.64 2.500001 -961.510133 30148.188508 -13622.861738 [0.6806529370000001, 0.6806639210000001, 0.680656044, 0.680680171, 0.6806775300000001]
0.65 2.500001 -786.053771 32240.829652 -15605.850267 [0.667889827, 0.667909598, 0.6678890989999999, 0.667898039, 0.667890563]
0.66 2.500001 -593.777206 34462.765813 -17749.983773 [0.654774281, 0.6547620789999999, 0.654786191, 0.654809388, 0.6547986880000001]
0.67 2.500001 -383.449133 36823.22026 -20066.99715 [0.6413554100000001, 0.6413300369999999, 0.641333477, 0.6413355439999999, 0.6413158139999999]
0.68 2.500001 -154.176476 39328.58518 -22568.789879 [0.6275633700000001, 0.627593767, 0.6275350319999999, 0.627554292, 0.627578041]
0.69 2.500001 96.037334 41994.309083 -25270.027101 [0.613436885, 0.6134423019999999, 0.613439136, 0.613460187, 0.613415049]
0.70 2.500001 368.000258 44825.745661 -28184.008372 [0.598972584, 0.59894965, 0.598975762, 0.599008823, 0.598971548]
0.71 2.500001 663.504277 47837.118278 -31326.217289 [0.780772, 0.780787102, 0.780778208, 0.780783541, 0.780759502]
0.72 2.500001 983.712779 51036.491968 -34713.559515 [0.7719553379999999, 0.7719146210000001, 0.771937612, 0.7719319, 0.771932549]
0.73 2.500001 1330.921196 54441.976019 -38364.854981 [0.762799181, 0.762794642, 0.7627958029999999, 0.762817173, 0.762790904]
0.74 2.500001 1707.01102 58068.230006 -42301.027795 [0.753349933, 0.753356167, 0.753365404, 0.753344206, 0.753340532]
0.75 2.500001 2114.160785 61932.257193 -46543.523806 [0.743549018, 0.743569141, 0.743562989, 0.7435699090000001, 0.743564396]
0.76 2.500001 2553.835336 66044.870304 -51112.505398 [0.733444706, 0.733461055, 0.733460316, 0.733479511, 0.733468212]
0.77 2.500001 3028.502561 70425.45063 -56033.924919 [0.723019011, 0.723003407, 0.723006166, 0.723036928, 0.723006896]
0.78 2.500001 3540.985675 75096.813731 -61335.881153 [0.712186676, 0.712196472, 0.7122147729999999, 0.7122027639999999, 0.7122198660000001]
0.79 2.500001 4093.773004 80078.286691 -67047.570027 [0.701038641, 0.7010386479999999, 0.7010124870000001, 0.70103072, 0.701055655]
0.80 2.500001 4690.099067 85395.963242 -73202.104184 [0.6894997869999999, 0.689489937, 0.68949074, 0.689475609, 0.689477433]
0.81 2.500001 5331.410654 91060.76391 -79826.567446 [0.6775615939999999, 0.677557754, 0.677589435, 0.677561156, 0.677573297]
0.82 2.500001 6023.39214 97119.451588 -86969.550652 [0.665276003, 0.665240646, 0.665240651, 0.665243486, 0.66525211]
0.83 2.500001 6768.50215 103592.130428 -94665.747995 [0.652510046, 0.652529256, 0.6525154950000001, 0.652529421, 0.652524323]
0.84 2.500001 7569.81423 110503.04267 -102956.961796 [0.639401395, 0.639379426, 0.639383464, 0.639403191, 0.639387954]
0.85 2.500001 8432.872731 117898.959749 -111897.102907 [0.625838255, 0.625853236, 0.6258405490000001, 0.625860649, 0.625828453]
0.86 2.500001 9360.854109 125805.715294 -121532.420165 [0.6118293690000001, 0.61184341, 0.6118703409999999, 0.6118700340000001, 0.6118361130000001]
0.87 2.500001 10359.970294 134275.270185 -131927.700593 [0.597450857, 0.597453644, 0.597447051, 0.597465048, 0.597464824]
0.88 2.500001 11434.49315 143344.446877 -143139.419249 [0.58262573, 0.582628071, 0.5826329210000001, 0.582642535, 0.582669359]
0.89 2.500001 12589.993924 153059.664427 -155235.868786 [0.567365736, 0.5673177060000001, 0.567323539, 0.567373913, 0.5673469010000001]
0.90 2.500001 13835.637824 163501.478427 -168307.7082 [0.551674336, 0.551658667, 0.551643992, 0.551639358, 0.5516470090000001]
0.91 2.500001 15173.669168 174688.116506 -182412.200587 [0.706492342, 0.706500948, 0.7064686419999999, 0.7064941170000001, 0.706509828]
0.92 2.500001 16206.250631 183045.932058 -195225.062379 [0.6968955729999999, 0.696425734, 0.695837151, 0.6973294990000001, 0.695828283]
0.93 2.500001 16851.400662 187806.455851 -206103.579486 [0.6876332110000001, 0.6882384109999999, 0.688413009, 0.687569053, 0.687814829]
0.94 2.500001 18396.643763 200446.783373 -222991.360392 [0.675942882, 0.675973984, 0.67530473, 0.675846245, 0.675534831]
0.95 2.500001 20185.009542 215206.312945 -241991.983521 [0.662489866, 0.662533773, 0.662039806, 0.6629258579999999, 0.662691036]
0.96 2.500001 22135.126853 231316.173687 -262749.721892 [0.6488548009999999, 0.6489296769999999, 0.6479625259999999, 0.6495745749999999, 0.649027674]
0.97 2.500001 24235.987176 248742.775286 -285228.246818 [0.633725463, 0.63460792, 0.63532801, 0.634356632, 0.6349952400000001]
0.98 2.500001 26637.37807 268959.334129 -310602.288401 [0.619029633, 0.61927729, 0.619307606, 0.6193176300000001, 0.61878013]
0.99 2.500001 29029.064669 288476.382535 -336709.274034 [0.6043243970000001, 0.604570406, 0.6035991409999999, 0.603947441, 0.603875339]
1.00 2.500001 31825.288441 312319.438967 -366710.642646 [0.587044107, 0.587365503, 0.587273902, 0.5879556020000001, 0.586705565]
