L rho energy dudl virial
0.01 2.0 -63.535302 -6352.42518 190.342888 [0.995238243, 0.995235048, 0.99523757, 0.995237393, 0.99523807]
0.02 2.0 -127.396426 -6363.894179 381.106329 [0.99032874, 0.9903329700000001, 0.990334226, 0.99034097, 0.990326734]
0.03 2.0 -191.56073 -6370.533209 572.18332 [0.9852822400000001, 0.985273218, 0.9852769720000001, 0.9852781749999999, 0.985277983]
0.04 2.0 -256.023767 -6372.40949 763.510321 [0.980049784, 0.980055354, 0.9800464339999999, 0.980050742, 0.980040259]
0.05 2.0 -320.771405 -6368.995635 954.993519 [0.974636062, 0.974621674, 0.9746194939999999, 0.974631231, 0.9746340490000001]
0.06 2.0 -385.790128 -6359.794184 1146.532607 [0.968999564, 0.968999276, 0.968999292, 0.969004939, 0.9690016210000001]
0.07 2.0 -451.119868 -6345.066069 1338.132568 [0.963128362, 0.9631309429999999, 0.963138947, 0.963126565, 0.963128809]
0.08 2.0 -516.756673 -6324.046126 1529.714058 [0.956972484, 0.956989912, 0.9569840270000001, 0.956990298, 0.95700232]
0.09 2.0 -582.783455 -6296.993017 1721.388524 [0.950514376, 0.9505222769999999, 0.9505068839999999, 0.9505142529999999, 0.950514041]
0.10 2.0 -649.328541 -6264.07479 1913.294114 [0.943658627, 0.94366886, 0.943678818, 0.943668854, 0.943660855]
0.11 2.0 -716.638951 -6226.108982 2105.92034 [0.936320712, 0.936306809, 0.936321756, 0.936340336, 0.936363167]
0.12 2.0 -1788.378601 -11711.801136 2535.524617 [0.7001955630000001, 0.928333504, 0.928364134, 0.9283500170000001, 0.9283335239999999]
0.13 2.0 -17062.41716 -81895.430021 5928.461591 [0.21782990600000002, 0.217840702, 0.229182481, 0.237226937, 0.231594416]
0.14 2.0 -18063.354244 -73331.492854 5987.784191 [0.21367851300000001, 0.21376710399999999, 0.214105429, 0.21399251600000002, 0.214483817]
0.15 2.0 -18670.978971 -63256.394772 5987.643544 [0.216893327, 0.21715591299999998, 0.216841849, 0.21668786699999998, 0.216735602]
0.16 2.0 -19167.417395 -53044.298837 5988.350883 [0.221214336, 0.221240771, 0.221149141, 0.22109178499999999, 0.221115914]
0.17 2.0 -19552.657121 -42741.438011 5987.86172 [0.225587817, 0.22566785499999997, 0.225626215, 0.22558012, 0.225656891]
0.18 2.0 -19826.746416 -32401.590268 5988.387019 [0.230194543, 0.230194555, 0.23018129999999998, 0.230215247, 0.230186665]
0.19 2.0 -19990.058179 -22071.886046 5988.116354 [0.23484796000000002, 0.23481939200000002, 0.23481265499999998, 0.23484508399999998, 0.23482803800000002]
0.20 2.0 -20043.45495 -11807.767986 5987.347587 [0.239412973, 0.239398938, 0.239394605, 0.239426101, 0.23941320300000002]
0.21 2.0 -19987.613306 -1671.37256 5988.139757 [0.243859193, 0.24386496200000002, 0.243896086, 0.243858708, 0.243905086]
0.22 2.0 -19824.525086 8276.532643 5988.145746 [0.24824319, 0.248236432, 0.248223511, 0.248225825, 0.248232566]
0.23 2.0 -19556.18986 17964.348264 5987.623952 [0.25243165199999995, 0.252428102, 0.252419232, 0.25239802499999997, 0.252479714]
0.24 2.0 -19185.34383 27308.047246 5988.39038 [0.256371668, 0.256375565, 0.256384202, 0.256338599, 0.256379381]
0.25 2.0 -18715.731235 36228.554803 5987.681486 [0.26011085300000003, 0.260078323, 0.260098841, 0.260056417, 0.260101444]
0.26 2.0 -18151.528803 44626.341215 5988.129787 [0.263462702, 0.26348485099999996, 0.263475322, 0.26348264600000004, 0.263476298]
0.27 2.0 -17498.052142 52405.562854 5988.407086 [0.266544903, 0.266553859, 0.266528339, 0.266561336, 0.266558481]
0.28 2.0 -16761.427529 59461.745705 5988.223759 [0.269267385, 0.269247127, 0.26926301500000005, 0.26924525099999996, 0.26924848300000004]
0.29 2.0 -15948.49431 65680.07021 5987.954787 [0.271556517, 0.27153787500000004, 0.27155176999999997, 0.27157117, 0.271546216]
0.30 2.0 -15066.837009 70938.489458 5987.783725 [0.273468633, 0.273494302, 0.273491535, 0.27348671999999996, 0.273475237]
0.31 2.0 -14125.009533 75102.01516 5987.791232 [0.275048588, 0.274998269, 0.275017207, 0.27505645199999995, 0.275028821]
0.32 2.0 -13132.057403 78026.66402 5987.079759 [0.27631113100000004, 0.276290652, 0.276277742, 0.27628372199999995, 0.276290451]
0.33 2.0 -12097.260166 79543.110955 5986.284194 [0.277335791, 0.277359805, 0.277358167, 0.27735380099999996, 0.277374947]
0.34 2.0 -11029.277226 79458.866382 5984.750346 [0.27851088, 0.278483303, 0.278512488, 0.27850971599999996, 0.278476724]
0.35 2.0 -9934.802986 77532.916419 5980.981519 [0.280222884, 0.280216813, 0.28022900100000003, 0.28021752099999997, 0.280195364]
0.36 2.0 -8815.414692 73445.600623 5969.15488 [0.283520732, 0.28351607199999995, 0.283537345, 0.283517679, 0.28352543399999997]
0.37 2.0 -7662.417052 66710.331355 5939.3975 [0.29057215000000003, 0.290545687, 0.29057970899999996, 0.290579661, 0.290604577]
0.38 2.0 -6447.903162 56568.702118 5866.152133 [0.306070016, 0.306143636, 0.306104811, 0.306140485, 0.306081243]
0.39 2.0 -5103.285761 41761.589481 5699.849663 [0.340981033, 0.340945119, 0.340969333, 0.340799034, 0.341052004]
0.40 2.0 -3331.909042 18416.964315 5306.376543 [0.430515795, 0.431193458, 0.431037532, 0.430722073, 0.430735283]
0.41 2.0 -1981.932971 3391.62975 4457.532814 [0.522142728, 0.522020594, 0.52201407, 0.521968843, 0.522008897]
0.42 2.0 -1934.974533 3527.774022 4256.000772 [0.5023759839999999, 0.502343497, 0.50237701, 0.502405483, 0.5023527320000001]
0.43 2.0 -1918.068254 3874.825702 4070.987655 [0.47896136899999997, 0.478951753, 0.478997729, 0.47892724600000003, 0.478928242]
0.44 2.0 -1909.756464 4285.086286 3876.285927 [0.45408805900000004, 0.454121504, 0.45410984899999995, 0.454107857, 0.45410706300000003]
0.45 2.0 -1904.900368 4730.285679 3664.011269 [0.428562694, 0.428586394, 0.428553948, 0.428545661, 0.428510564]
0.46 2.0 -1901.326592 5200.363965 3429.591619 [0.402701851, 0.402660087, 0.402646193, 0.402676282, 0.402660625]
0.47 2.0 -1897.829174 5692.478585 3170.199968 [0.376724809, 0.376744969, 0.376759954, 0.376737035, 0.376728957]
0.48 2.0 -1893.845875 6206.683161 2882.816404 [0.35096597399999996, 0.350972453, 0.35096087600000003, 0.350954802, 0.350977996]
0.49 2.0 -1888.706682 6742.708336 2565.276394 [0.325515653, 0.325565609, 0.325495282, 0.325562277, 0.325525555]
0.50 2.0 -1881.8016 7303.516926 2214.736697 [0.300683642, 0.30068231, 0.300652959, 0.300664072, 0.30072097]
0.51 2.0 -1872.902169 7888.421454 1829.14616 [0.842188071, 0.8421763929999999, 0.84216725, 0.842224013, 0.842206812]
0.52 2.0 -1861.392606 8500.10398 1406.164165 [0.8349180380000001, 0.834867414, 0.83490423, 0.834918944, 0.83489439]
0.53 2.0 -1846.874542 9146.232041 941.067115 [0.827368691, 0.8273502070000001, 0.827358022, 0.827371641, 0.827330927]
0.54 2.0 -1829.215141 9818.590485 434.067386 [0.8196542689999999, 0.819668525, 0.819637906, 0.819660231, 0.819641038]
0.55 2.0 -1807.692117 10529.159954 -120.851158 [0.811728216, 0.8117394790000001, 0.811727358, 0.811738569, 0.811735308]
0.56 2.0 -1782.302487 11272.404345 -723.80252 [0.803603293, 0.8036201949999999, 0.8036178350000001, 0.803600444, 0.803606893]
0.57 2.0 -1752.502239 12054.419252 -1379.813051 [0.795273078, 0.795266604, 0.7952594829999999, 0.795273322, 0.7952599840000001]
0.58 2.0 -1717.747917 12878.914659 -2092.858824 [0.7867036789999999, 0.786688499, 0.786695919, 0.7867096579999999, 0.786703036]
0.59 2.0 -1677.905422 13746.077216 -2865.686164 [0.777921469, 0.777908732, 0.777920751, 0.7779127429999999, 0.777913549]
0.60 2.0 -1632.170389 14661.914826 -3703.963651 [0.768887847, 0.7689075519999999, 0.768902032, 0.7689060990000001, 0.7688792550000001]
0.61 2.0 -1580.773989 15623.545342 -4608.826794 [0.7596344589999999, 0.759636766, 0.759648094, 0.75964354, 0.759647885]
0.62 2.0 -1522.742346 16638.390488 -5587.543642 [0.750132188, 0.750174293, 0.750142829, 0.750171132, 0.750139248]
0.63 2.0 -1457.462834 17711.108091 -6645.179467 [0.7404209230000001, 0.740404184, 0.740390473, 0.740405071, 0.7404268540000001]
0.64 2.0 -1384.908521 18841.172263 -7785.251527 [0.730368308, 0.730420893, 0.73039349, 0.730410638, 0.7303969189999999]
0.65 2.0 -1304.39218 20033.459183 -9013.712916 [0.720162923, 0.720146124, 0.720178654, 0.7201755249999999, 0.720140759]
0.66 2.0 -1215.249436 21292.775887 -10337.111203 [0.709652996, 0.709656778, 0.709638685, 0.709656437, 0.7096694809999999]
0.67 2.0 -1116.911454 22622.985003 -11761.685629 [0.6988808950000001, 0.698906019, 0.698877663, 0.698878579, 0.698900767]
0.68 2.0 -1008.884338 24027.568303 -13293.313549 [0.68786993, 0.687831457, 0.6878477460000001, 0.687812773, 0.687819357]
0.69 2.0 -890.21974 25513.40812 -14940.936706 [0.67649622, 0.676525434, 0.676506331, 0.676505931, 0.6765231979999999]
0.70 2.0 -760.90208 27079.937673 -16708.847834 [0.664949066, 0.664897693, 0.664947422, 0.6648974080000001, 0.664921793]
0.71 2.0 -619.256112 28740.05679 -18609.890037 [0.8197368309999999, 0.819770335, 0.819726341, 0.8197796230000001, 0.819750978]
0.72 2.0 -465.209547 30493.640749 -20648.532828 [0.8129572, 0.8129813610000001, 0.812961367, 0.812971311, 0.8129579410000001]
0.73 2.0 -298.023122 32346.240514 -22835.886523 [0.806001916, 0.8059702710000001, 0.805987325, 0.805997978, 0.806000352]
0.74 2.0 -115.947661 34310.794756 -25184.453925 [0.798753669, 0.798774659, 0.798757662, 0.798768702, 0.798773722]
0.75 2.0 81.204257 36387.990807 -27702.128976 [0.791348303, 0.791332637, 0.791337183, 0.79133613, 0.791373407]
0.76 2.0 294.481913 38585.754259 -30401.010886 [0.783666442, 0.783679294, 0.783649016, 0.7836553740000001, 0.783700531]
0.77 2.0 525.527927 40916.605244 -33295.437166 [0.775772852, 0.775761924, 0.7757812129999999, 0.775775034, 0.775771341]
0.78 2.0 774.772362 43383.209235 -36396.154157 [0.767626323, 0.7676164000000001, 0.767604841, 0.767604061, 0.7675942419999999]
0.79 2.0 1044.143757 46000.139452 -39721.830252 [0.759177035, 0.7591922440000001, 0.7591873, 0.75917592, 0.7591942949999999]
0.80 2.0 1333.790565 48768.044825 -43280.527315 [0.750484692, 0.750486167, 0.750479662, 0.7504709039999999, 0.750516239]
0.81 2.0 1646.944171 51711.961678 -47099.772614 [0.741510128, 0.741522501, 0.7415268930000001, 0.7415364440000001, 0.7415210919999999]
0.82 2.0 1983.215768 54828.024324 -51187.570071 [0.7322973319999999, 0.732306469, 0.732300505, 0.732252831, 0.7322916610000001]
0.83 2.0 2344.719495 58132.483987 -55565.886184 [0.7227596009999999, 0.722741288, 0.722747127, 0.722747794, 0.722742027]
0.84 2.0 2734.328476 61647.96992 -60261.827156 [0.7128865870000001, 0.712909341, 0.712910673, 0.712892745, 0.712889972]
0.85 2.0 3152.468901 65376.494743 -65291.384564 [0.7027507740000001, 0.702779942, 0.702767132, 0.702770184, 0.702761958]
0.86 2.0 3601.239506 69334.839912 -70678.439778 [0.692313838, 0.692322856, 0.6922920850000001, 0.692303294, 0.692312321]
0.87 2.0 4083.372919 73544.139277 -76453.734831 [0.6815058759999999, 0.681533041, 0.681548957, 0.681525736, 0.681533987]
0.88 2.0 4599.759163 78010.523466 -82638.033597 [0.6704313639999999, 0.670456151, 0.6704129320000001, 0.6704176310000001, 0.6704150959999999]
0.89 2.0 5155.518803 82775.735797 -89277.203172 [0.6589299909999999, 0.6589596719999999, 0.658991085, 0.658962703, 0.658944222]
0.90 2.0 5750.916856 87840.608076 -96391.656032 [0.647140848, 0.647147887, 0.647143121, 0.647145351, 0.6471644089999999]
0.91 2.0 6389.02928 93229.961325 -104018.336335 [0.8477782700000001, 0.84772077, 0.847727874, 0.847748588, 0.8477444940000001]
0.92 2.0 7074.715675 98981.362934 -112210.341471 [0.84206458, 0.84205407, 0.84206852, 0.842045147, 0.842050693]
0.93 2.0 7806.216518 105081.793931 -120974.987905 [0.836164385, 0.8361702799999999, 0.836146041, 0.83616714, 0.836166437]
0.94 2.0 8592.131973 111600.612701 -130393.297935 [0.830010358, 0.8300381400000001, 0.83002539, 0.830018017, 0.8300121970000001]
0.95 2.0 9432.720221 118538.751147 -140491.589369 [0.8236373189999999, 0.823648711, 0.8236650560000001, 0.823636042, 0.823640149]
0.96 2.0 10340.219391 125999.66056 -151380.684154 [0.8170158540000001, 0.8170178379999999, 0.816982265, 0.8169740160000001, 0.817026653]
0.97 2.0 11308.529675 133930.454294 -163048.317617 [0.8100637470000001, 0.81011822, 0.810083332, 0.8101220659999999, 0.810076476]
0.98 2.0 11815.138457 137888.485147 -171689.327434 [0.8043242909999999, 0.8054895280000001, 0.804765964, 0.804838654, 0.805314654]
0.99 2.0 12457.442213 142954.296777 -181538.172212 [0.798854824, 0.7998549260000001, 0.800341651, 0.7972257229999999, 0.800183392]
1.00 2.0 13485.928566 151206.942795 -194642.30149 [0.7920841540000001, 0.79234983, 0.792147186, 0.792145774, 0.791659921]
