      Distance(R2)         g(r)           g(r)*vdvcorrection   vdvcorrection
    0.5000000000E-02    0.0000000000E+00    0.0000000000E+00    0.1010101010E+01
    0.1500000000E-01    0.0000000000E+00    0.0000000000E+00    0.1010101007E+01
    0.2500000000E-01    0.0000000000E+00    0.0000000000E+00    0.1010100999E+01
    0.3500000000E-01    0.0000000000E+00    0.0000000000E+00    0.1010100983E+01
    0.4500000000E-01    0.0000000000E+00    0.0000000000E+00    0.1010100958E+01
    0.5500000000E-01    0.0000000000E+00    0.0000000000E+00    0.1010100919E+01
    0.6500000000E-01    0.0000000000E+00    0.0000000000E+00    0.1010100865E+01
    0.7500000000E-01    0.0000000000E+00    0.0000000000E+00    0.1010100794E+01
    0.8500000000E-01    0.0000000000E+00    0.0000000000E+00    0.1010100702E+01
    0.9500000000E-01    0.0000000000E+00    0.0000000000E+00    0.1010100587E+01
    0.1050000000E+00    0.0000000000E+00    0.0000000000E+00    0.1010100447E+01
    0.1150000000E+00    0.0000000000E+00    0.0000000000E+00    0.1010100279E+01
    0.1250000000E+00    0.0000000000E+00    0.0000000000E+00    0.1010100081E+01
    0.1350000000E+00    0.0000000000E+00    0.0000000000E+00    0.1010099849E+01
    0.1450000000E+00    0.0000000000E+00    0.0000000000E+00    0.1010099582E+01
    0.1550000000E+00    0.0000000000E+00    0.0000000000E+00    0.1010099277E+01
    0.1650000000E+00    0.0000000000E+00    0.0000000000E+00    0.1010098931E+01
    0.1750000000E+00    0.0000000000E+00    0.0000000000E+00    0.1010098542E+01
    0.1850000000E+00    0.0000000000E+00    0.0000000000E+00    0.1010098108E+01
    0.1950000000E+00    0.0000000000E+00    0.0000000000E+00    0.1010097625E+01
    0.2050000000E+00    0.0000000000E+00    0.0000000000E+00    0.1010097091E+01
    0.2150000000E+00    0.0000000000E+00    0.0000000000E+00    0.1010096504E+01
    0.2250000000E+00    0.0000000000E+00    0.0000000000E+00    0.1010095861E+01
    0.2350000000E+00    0.0000000000E+00    0.0000000000E+00    0.1010095160E+01
    0.2450000000E+00    0.0000000000E+00    0.0000000000E+00    0.1010094398E+01
    0.2550000000E+00    0.0000000000E+00    0.0000000000E+00    0.1010093572E+01
    0.2650000000E+00    0.0000000000E+00    0.0000000000E+00    0.1010092680E+01
    0.2750000000E+00    0.0000000000E+00    0.0000000000E+00    0.1010091720E+01
    0.2850000000E+00    0.0000000000E+00    0.0000000000E+00    0.1010090689E+01
    0.2950000000E+00    0.0000000000E+00    0.0000000000E+00    0.1010089584E+01
    0.3050000000E+00    0.0000000000E+00    0.0000000000E+00    0.1010088402E+01
    0.3150000000E+00    0.0000000000E+00    0.0000000000E+00    0.1010087143E+01
    0.3250000000E+00    0.0000000000E+00    0.0000000000E+00    0.1010085801E+01
    0.3350000000E+00    0.0000000000E+00    0.0000000000E+00    0.1010084377E+01
    0.3450000000E+00    0.0000000000E+00    0.0000000000E+00    0.1010082865E+01
    0.3550000000E+00    0.0000000000E+00    0.0000000000E+00    0.1010081265E+01
    0.3650000000E+00    0.0000000000E+00    0.0000000000E+00    0.1010079574E+01
    0.3750000000E+00    0.0000000000E+00    0.0000000000E+00    0.1010077788E+01
    0.3850000000E+00    0.0000000000E+00    0.0000000000E+00    0.1010075906E+01
    0.3950000000E+00    0.0000000000E+00    0.0000000000E+00    0.1010073925E+01
    0.4050000000E+00    0.0000000000E+00    0.0000000000E+00    0.1010071843E+01
    0.4150000000E+00    0.0000000000E+00    0.0000000000E+00    0.1010069656E+01
    0.4250000000E+00    0.0000000000E+00    0.0000000000E+00    0.1010067363E+01
    0.4350000000E+00    0.0000000000E+00    0.0000000000E+00    0.1010064960E+01
    0.4450000000E+00    0.0000000000E+00    0.0000000000E+00    0.1010062446E+01
    0.4550000000E+00    0.0000000000E+00    0.0000000000E+00    0.1010059818E+01
    0.4650000000E+00    0.0000000000E+00    0.0000000000E+00    0.1010057073E+01
    0.4750000000E+00    0.0000000000E+00    0.0000000000E+00    0.1010054208E+01
    0.4850000000E+00    0.0000000000E+00    0.0000000000E+00    0.1010051222E+01
    0.4950000000E+00    0.0000000000E+00    0.0000000000E+00    0.1010048111E+01
    0.5050000000E+00    0.0000000000E+00    0.0000000000E+00    0.1010044873E+01
    0.5150000000E+00    0.0000000000E+00    0.0000000000E+00    0.1010041506E+01
    0.5250000000E+00    0.0000000000E+00    0.0000000000E+00    0.1010038007E+01
    0.5350000000E+00    0.0000000000E+00    0.0000000000E+00    0.1010034373E+01
    0.5450000000E+00    0.0000000000E+00    0.0000000000E+00    0.1010030602E+01
    0.5550000000E+00    0.0000000000E+00    0.0000000000E+00    0.1010026691E+01
    0.5650000000E+00    0.0000000000E+00    0.0000000000E+00    0.1010022639E+01
    0.5750000000E+00    0.0000000000E+00    0.0000000000E+00    0.1010018441E+01
    0.5850000000E+00    0.0000000000E+00    0.0000000000E+00    0.1010014097E+01
    0.5950000000E+00    0.0000000000E+00    0.0000000000E+00    0.1010009602E+01
    0.6050000000E+00    0.0000000000E+00    0.0000000000E+00    0.1010004955E+01
    0.6150000000E+00    0.0000000000E+00    0.0000000000E+00    0.1010000154E+01
    0.6250000000E+00    0.0000000000E+00    0.0000000000E+00    0.1009995194E+01
    0.6350000000E+00    0.0000000000E+00    0.0000000000E+00    0.1009990075E+01
    0.6450000000E+00    0.0000000000E+00    0.0000000000E+00    0.1009984794E+01
    0.6550000000E+00    0.0000000000E+00    0.0000000000E+00    0.1009979347E+01
    0.6650000000E+00    0.0000000000E+00    0.0000000000E+00    0.1009973733E+01
    0.6750000000E+00    0.0000000000E+00    0.0000000000E+00    0.1009967949E+01
    0.6850000000E+00    0.0000000000E+00    0.0000000000E+00    0.1009961992E+01
    0.6950000000E+00    0.0000000000E+00    0.0000000000E+00    0.1009955860E+01
    0.7050000000E+00    0.0000000000E+00    0.0000000000E+00    0.1009949550E+01
    0.7150000000E+00    0.0000000000E+00    0.0000000000E+00    0.1009943060E+01
    0.7250000000E+00    0.3058454645E-04    0.3088844637E-04    0.1009936388E+01
    0.7350000000E+00    0.1190319524E-03    0.1202138838E-03    0.1009929530E+01
    0.7450000000E+00    0.6372187668E-03    0.6435415630E-03    0.1009922489E+01
    0.7550000000E+00    0.9870808699E-03    0.9968680331E-03    0.1009915260E+01
    0.7650000000E+00    0.2719512650E-02    0.2746457175E-02    0.1009907851E+01
    0.7750000000E+00    0.3880998856E-02    0.3919421737E-02    0.1009900256E+01
    0.7850000000E+00    0.9156866299E-02    0.9247450647E-02    0.1009892505E+01
    0.7950000000E+00    0.1602453769E-01    0.1618293402E-01    0.1009884612E+01
    0.8050000000E+00    0.2624661285E-01    0.2650584023E-01    0.1009876603E+01
    0.8150000000E+00    0.4034594358E-01    0.4074409810E-01    0.1009868514E+01
    0.8250000000E+00    0.5829306410E-01    0.5886785601E-01    0.1009860383E+01
    0.8350000000E+00    0.8736377801E-01    0.8822451323E-01    0.1009852312E+01
    0.8450000000E+00    0.1197557698E+00    0.1209346868E+00    0.1009844344E+01
    0.8550000000E+00    0.1583142240E+00    0.1598714893E+00    0.1009836547E+01
    0.8650000000E+00    0.2032324800E+00    0.2052300516E+00    0.1009828998E+01
    0.8750000000E+00    0.2510231011E+00    0.2534885852E+00    0.1009821742E+01
    0.8850000000E+00    0.3095861419E+00    0.3126247011E+00    0.1009814907E+01
    0.8950000000E+00    0.3704008169E+00    0.3740339087E+00    0.1009808541E+01
    0.9050000000E+00    0.4298211851E+00    0.4340345745E+00    0.1009802656E+01
    0.9150000000E+00    0.5006444855E+00    0.5055495000E+00    0.1009797401E+01
    0.9250000000E+00    0.5574801797E+00    0.5629393894E+00    0.1009792653E+01
    0.9350000000E+00    0.6279468039E+00    0.6340935182E+00    0.1009788591E+01
    0.9450000000E+00    0.6870948240E+00    0.6938181286E+00    0.1009785119E+01
    0.9550000000E+00    0.7597692809E+00    0.7672016651E+00    0.1009782423E+01
    0.9650000000E+00    0.8143320225E+00    0.8222964508E+00    0.1009780321E+01
    0.9750000000E+00    0.8736951648E+00    0.8822389412E+00    0.1009778898E+01
    0.9850000000E+00    0.9262502301E+00    0.9353071979E+00    0.1009778101E+01
    0.9950000000E+00    0.9686999027E+00    0.9781716807E+00    0.1009777825E+01
    0.1005000000E+01    0.1013375602E+01    0.1023284512E+01    0.1009778122E+01
    0.1015000000E+01    0.1062696406E+01    0.1073088596E+01    0.1009779077E+01
    0.1025000000E+01    0.1094362678E+01    0.1105066067E+01    0.1009780477E+01
    0.1035000000E+01    0.1129189856E+01    0.1140236023E+01    0.1009782383E+01
    0.1045000000E+01    0.1147547679E+01    0.1158775954E+01    0.1009784583E+01
    0.1055000000E+01    0.1181504514E+01    0.1193068264E+01    0.1009787309E+01
    0.1065000000E+01    0.1193324402E+01    0.1205007358E+01    0.1009790260E+01
    0.1075000000E+01    0.1215547552E+01    0.1227452133E+01    0.1009793596E+01
    0.1085000000E+01    0.1234867940E+01    0.1246966294E+01    0.1009797286E+01
    0.1095000000E+01    0.1244527817E+01    0.1256725674E+01    0.1009801193E+01
    0.1105000000E+01    0.1253189686E+01    0.1265477595E+01    0.1009805307E+01
    0.1115000000E+01    0.1259984247E+01    0.1272344194E+01    0.1009809604E+01
    0.1125000000E+01    0.1272170550E+01    0.1284655857E+01    0.1009814177E+01
    0.1135000000E+01    0.1271329230E+01    0.1283812181E+01    0.1009818818E+01
    0.1145000000E+01    0.1273903687E+01    0.1286417988E+01    0.1009823585E+01
    0.1155000000E+01    0.1278416132E+01    0.1290981061E+01    0.1009828512E+01
    0.1165000000E+01    0.1271179976E+01    0.1283679997E+01    0.1009833400E+01
    0.1175000000E+01    0.1274169229E+01    0.1286705047E+01    0.1009838425E+01
    0.1185000000E+01    0.1261696347E+01    0.1274115616E+01    0.1009843311E+01
    0.1195000000E+01    0.1271109170E+01    0.1283627629E+01    0.1009848453E+01
    0.1205000000E+01    0.1259521471E+01    0.1271932123E+01    0.1009853466E+01
    0.1215000000E+01    0.1252606400E+01    0.1264955134E+01    0.1009858432E+01
    0.1225000000E+01    0.1250451337E+01    0.1262785086E+01    0.1009863438E+01
    0.1235000000E+01    0.1244354368E+01    0.1256634164E+01    0.1009868408E+01
    0.1245000000E+01    0.1241827854E+01    0.1254088927E+01    0.1009873408E+01
    0.1255000000E+01    0.1225311487E+01    0.1237415305E+01    0.1009878156E+01
    0.1265000000E+01    0.1225002955E+01    0.1237109627E+01    0.1009882973E+01
    0.1275000000E+01    0.1216651823E+01    0.1228681703E+01    0.1009887694E+01
    0.1285000000E+01    0.1207067706E+01    0.1219008364E+01    0.1009892285E+01
    0.1295000000E+01    0.1203480922E+01    0.1215391618E+01    0.1009896872E+01
    0.1305000000E+01    0.1195047613E+01    0.1206880192E+01    0.1009901345E+01
    0.1315000000E+01    0.1191239588E+01    0.1203039774E+01    0.1009905804E+01
    0.1325000000E+01    0.1174214776E+01    0.1185851182E+01    0.1009909947E+01
    0.1335000000E+01    0.1168280579E+01    0.1179862933E+01    0.1009914017E+01
    0.1345000000E+01    0.1167644405E+01    0.1179225259E+01    0.1009918134E+01
    0.1355000000E+01    0.1157189306E+01    0.1168671016E+01    0.1009922067E+01
    0.1365000000E+01    0.1148958996E+01    0.1160363404E+01    0.1009925861E+01
    0.1375000000E+01    0.1145861662E+01    0.1157239652E+01    0.1009929636E+01
    0.1385000000E+01    0.1137805777E+01    0.1149107908E+01    0.1009933268E+01
    0.1395000000E+01    0.1126177869E+01    0.1137368319E+01    0.1009936663E+01
    0.1405000000E+01    0.1127126932E+01    0.1138330721E+01    0.1009940131E+01
    0.1415000000E+01    0.1120895194E+01    0.1132040802E+01    0.1009943488E+01
    0.1425000000E+01    0.1117465991E+01    0.1128581206E+01    0.1009946804E+01
    0.1435000000E+01    0.1115873415E+01    0.1126976495E+01    0.1009950125E+01
    0.1445000000E+01    0.1100913461E+01    0.1111870953E+01    0.1009953091E+01
    0.1455000000E+01    0.1090024451E+01    0.1100876520E+01    0.1009955803E+01
    0.1465000000E+01    0.1087561152E+01    0.1098391614E+01    0.1009958485E+01
    0.1475000000E+01    0.1087022372E+01    0.1097850406E+01    0.1009961188E+01
    0.1485000000E+01    0.1084700839E+01    0.1095508650E+01    0.1009963863E+01
    0.1495000000E+01    0.1072777452E+01    0.1083469002E+01    0.1009966232E+01
    0.1505000000E+01    0.1075106052E+01    0.1085823463E+01    0.1009968701E+01
    0.1515000000E+01    0.1067936301E+01    0.1078584685E+01    0.1009970991E+01
    0.1525000000E+01    0.1059949067E+01    0.1070520018E+01    0.1009973074E+01
    0.1535000000E+01    0.1061801223E+01    0.1072392945E+01    0.1009975240E+01
    0.1545000000E+01    0.1052040627E+01    0.1062536979E+01    0.1009977136E+01
    0.1555000000E+01    0.1053133239E+01    0.1063642551E+01    0.1009979090E+01
    0.1565000000E+01    0.1040597260E+01    0.1050983123E+01    0.1009980675E+01
    0.1575000000E+01    0.1044489021E+01    0.1054915533E+01    0.1009982405E+01
    0.1585000000E+01    0.1045653157E+01    0.1056093161E+01    0.1009984194E+01
    0.1595000000E+01    0.1033726439E+01    0.1044048835E+01    0.1009985617E+01
    0.1605000000E+01    0.1035875450E+01    0.1046220871E+01    0.1009987129E+01
    0.1615000000E+01    0.1028344627E+01    0.1038616152E+01    0.1009988407E+01
    0.1625000000E+01    0.1026904686E+01    0.1037163107E+01    0.1009989653E+01
    0.1635000000E+01    0.1023414323E+01    0.1033639044E+01    0.1009990794E+01
    0.1645000000E+01    0.1025243835E+01    0.1035488085E+01    0.1009992013E+01
    0.1655000000E+01    0.1020093303E+01    0.1030287163E+01    0.1009993066E+01
    0.1665000000E+01    0.1020396864E+01    0.1030594855E+01    0.1009994142E+01
    0.1675000000E+01    0.1018402973E+01    0.1028582073E+01    0.1009995160E+01
    0.1685000000E+01    0.1016644856E+01    0.1026807365E+01    0.1009996126E+01
    0.1695000000E+01    0.1011449510E+01    0.1021560881E+01    0.1009996911E+01
    0.1705000000E+01    0.1009319666E+01    0.1019410467E+01    0.1009997627E+01
    0.1715000000E+01    0.1012095280E+01    0.1022214670E+01    0.1009998456E+01
    0.1725000000E+01    0.1008725749E+01    0.1018812165E+01    0.1009999165E+01
    0.1735000000E+01    0.1008042042E+01    0.1018122318E+01    0.1009999857E+01
    0.1745000000E+01    0.1000856158E+01    0.1010864996E+01    0.1010000276E+01
    0.1755000000E+01    0.1005778218E+01    0.1015836900E+01    0.1010000894E+01
    0.1765000000E+01    0.1003537432E+01    0.1013574241E+01    0.1010001430E+01
    0.1775000000E+01    0.9976603458E+00    0.1007638679E+01    0.1010001733E+01
    0.1785000000E+01    0.9992231263E+00    0.1009217461E+01    0.1010002105E+01
    0.1795000000E+01    0.1000414830E+01    0.1010421509E+01    0.1010002530E+01
    0.1805000000E+01    0.1000877395E+01    0.1010889150E+01    0.1010002979E+01
    0.1815000000E+01    0.9957398784E+00    0.1005700479E+01    0.1010003215E+01
    0.1825000000E+01    0.9924452932E+00    0.1002373035E+01    0.1010003314E+01
    0.1835000000E+01    0.9995950799E+00    0.1009594752E+01    0.1010003722E+01
    0.1845000000E+01    0.9920332532E+00    0.1001957360E+01    0.1010003805E+01
    0.1855000000E+01    0.9949663123E+00    0.1004919973E+01    0.1010004018E+01
    0.1865000000E+01    0.9976732853E+00    0.1007654362E+01    0.1010004354E+01
    0.1875000000E+01    0.9894879924E+00    0.9993871515E+00    0.1010004325E+01
    0.1885000000E+01    0.9911608140E+00    0.1001076754E+01    0.1010004371E+01
    0.1895000000E+01    0.9896050889E+00    0.9995054405E+00    0.1010004346E+01
    0.1905000000E+01    0.9926122672E+00    0.1002542818E+01    0.1010004461E+01
    0.1915000000E+01    0.9891419962E+00    0.9990377818E+00    0.1010004414E+01
    0.1925000000E+01    0.9923190410E+00    0.1002246714E+01    0.1010004517E+01
    0.1935000000E+01    0.9902554746E+00    0.1000162508E+01    0.1010004522E+01
    0.1945000000E+01    0.9902938111E+00    0.1000201235E+01    0.1010004530E+01
    0.1955000000E+01    0.9903174029E+00    0.1000225071E+01    0.1010004538E+01
    0.1965000000E+01    0.9866877912E+00    0.9965589774E+00    0.1010004366E+01
    0.1975000000E+01    0.9866828727E+00    0.9965538383E+00    0.1010004193E+01
    0.1985000000E+01    0.9861954874E+00    0.9960613798E+00    0.1010003993E+01
    0.1995000000E+01    0.9872395274E+00    0.9971157175E+00    0.1010003844E+01
    0.2005000000E+01    0.9923767227E+00    0.1002304419E+01    0.1010003959E+01
    0.2015000000E+01    0.9911789147E+00    0.1001094682E+01    0.1010004013E+01
    0.2025000000E+01    0.9872433681E+00    0.9971196129E+00    0.1010003860E+01
    0.2035000000E+01    0.9865902334E+00    0.9964597576E+00    0.1010003671E+01
    0.2045000000E+01    0.9917380103E+00    0.1001659116E+01    0.1010003757E+01
    0.2055000000E+01    0.9855965937E+00    0.9954560189E+00    0.1010003510E+01
    0.2065000000E+01    0.9891974453E+00    0.9990928403E+00    0.1010003458E+01
    0.2075000000E+01    0.9877024155E+00    0.9975827214E+00    0.1010003323E+01
    0.2085000000E+01    0.9898552501E+00    0.9997570756E+00    0.1010003307E+01
    0.2095000000E+01    0.9888819268E+00    0.9987739455E+00    0.1010003235E+01
    0.2105000000E+01    0.9826724171E+00    0.9925019019E+00    0.1010002809E+01
    0.2115000000E+01    0.9883812772E+00    0.9982677665E+00    0.1010002708E+01
    0.2125000000E+01    0.9905750804E+00    0.1000483538E+01    0.1010002733E+01
    0.2135000000E+01    0.9873518969E+00    0.9972279526E+00    0.1010002569E+01
    0.2145000000E+01    0.9923286938E+00    0.1002254659E+01    0.1010002699E+01
    0.2155000000E+01    0.9903270234E+00    0.1000232977E+01    0.1010002710E+01
    0.2165000000E+01    0.9868382360E+00    0.9967090958E+00    0.1010002510E+01
    0.2175000000E+01    0.9905896486E+00    0.1000498059E+01    0.1010002538E+01
    0.2185000000E+01    0.9937261081E+00    0.1003666110E+01    0.1010002758E+01
    0.2195000000E+01    0.9906883189E+00    0.1000597968E+01    0.1010002792E+01
    0.2205000000E+01    0.9959010977E+00    0.1005863248E+01    0.1010003153E+01
    0.2215000000E+01    0.9897273789E+00    0.9996277471E+00    0.1010003126E+01
    0.2225000000E+01    0.9892907270E+00    0.9991866737E+00    0.1010003072E+01
    0.2235000000E+01    0.9919472339E+00    0.1001869869E+01    0.1010003189E+01
    0.2245000000E+01    0.9878475681E+00    0.9977290466E+00    0.1010003040E+01
    0.2255000000E+01    0.9910054415E+00    0.1000918564E+01    0.1010003096E+01
    0.2265000000E+01    0.9881528641E+00    0.9980373227E+00    0.1010002965E+01
    0.2275000000E+01    0.9920181992E+00    0.1001941447E+01    0.1010003090E+01
    0.2285000000E+01    0.9881391298E+00    0.9980234419E+00    0.1010002956E+01
    0.2295000000E+01    0.9863958997E+00    0.9962625238E+00    0.1010002702E+01
    0.2305000000E+01    0.9910815674E+00    0.1000995125E+01    0.1010002766E+01
    0.2315000000E+01    0.9884442838E+00    0.9983313453E+00    0.1010002649E+01
    0.2325000000E+01    0.9886081759E+00    0.9984967714E+00    0.1010002543E+01
    0.2335000000E+01    0.9904313808E+00    0.1000338233E+01    0.1010002563E+01
    0.2345000000E+01    0.9923250001E+00    0.1002250947E+01    0.1010002718E+01
    0.2355000000E+01    0.9903912005E+00    0.1000297823E+01    0.1010002736E+01
    0.2365000000E+01    0.9890840128E+00    0.9989774841E+00    0.1010002660E+01
    0.2375000000E+01    0.9907505622E+00    0.1000660748E+01    0.1010002705E+01
    0.2385000000E+01    0.9931768762E+00    0.1003111553E+01    0.1010002928E+01
    0.2395000000E+01    0.9918707116E+00    0.1001792450E+01    0.1010003056E+01
    0.2405000000E+01    0.9885284664E+00    0.9984166532E+00    0.1010002936E+01
    0.2415000000E+01    0.9873878028E+00    0.9972643755E+00    0.1010002729E+01
    0.2425000000E+01    0.9940016497E+00    0.1003944670E+01    0.1010003022E+01
    0.2435000000E+01    0.9894738000E+00    0.9993714783E+00    0.1010002971E+01
    0.2445000000E+01    0.9880039257E+00    0.9978867384E+00    0.1010002807E+01
    0.2455000000E+01    0.9896432589E+00    0.9995424315E+00    0.1010002769E+01
    0.2465000000E+01    0.9915039747E+00    0.1001421866E+01    0.1010002876E+01
    0.2475000000E+01    0.9933207385E+00    0.1003257053E+01    0.1010003128E+01
    0.2485000000E+01    0.9881461033E+00    0.9980304982E+00    0.1010002969E+01
    0.2495000000E+01    0.9902947172E+00    0.1000200617E+01    0.1010002982E+01
    0.2505000000E+01    0.9890855033E+00    0.9989792235E+00    0.1010002897E+01
    0.2515000000E+01    0.9893916765E+00    0.9992883992E+00    0.1010002836E+01
    0.2525000000E+01    0.9870496921E+00    0.9969227377E+00    0.1010002582E+01
    0.2535000000E+01    0.9881335674E+00    0.9980172905E+00    0.1010002416E+01
    0.2545000000E+01    0.9881250235E+00    0.9980084950E+00    0.1010002248E+01
    0.2555000000E+01    0.9899111627E+00    0.9998124809E+00    0.1010002229E+01
    0.2565000000E+01    0.9873389311E+00    0.9972142868E+00    0.1010001992E+01
    0.2575000000E+01    0.9889833027E+00    0.9988750078E+00    0.1010001893E+01
    0.2585000000E+01    0.9898341405E+00    0.9997343298E+00    0.1010001867E+01
    0.2595000000E+01    0.9869183048E+00    0.9967890543E+00    0.1010001587E+01
    0.2605000000E+01    0.9898362995E+00    0.9997362077E+00    0.1010001561E+01
    0.2615000000E+01    0.9959698414E+00    0.1005931608E+01    0.1010002076E+01
    0.2625000000E+01    0.9893595164E+00    0.9992550975E+00    0.1010002007E+01
    0.2635000000E+01    0.9904984746E+00    0.1000405480E+01    0.1010002040E+01
    0.2645000000E+01    0.9903372985E+00    0.1000242710E+01    0.1010002058E+01
    0.2655000000E+01    0.9942738273E+00    0.1004218987E+01    0.1010002435E+01
    0.2665000000E+01    0.9912490940E+00    0.1001164100E+01    0.1010002538E+01
    0.2675000000E+01    0.9915600290E+00    0.1001478276E+01    0.1010002670E+01
    0.2685000000E+01    0.9896802457E+00    0.9995796484E+00    0.1010002627E+01
    0.2695000000E+01    0.9915151517E+00    0.1001433037E+01    0.1010002757E+01
    0.2705000000E+01    0.9942582529E+00    0.1004203965E+01    0.1010003147E+01
    0.2715000000E+01    0.9872681625E+00    0.9971436819E+00    0.1010002874E+01
    0.2725000000E+01    0.9904381315E+00    0.1000345389E+01    0.1010002904E+01
    0.2735000000E+01    0.9934000296E+00    0.1003337228E+01    0.1010003220E+01
    0.2745000000E+01    0.9897468716E+00    0.9996474899E+00    0.1010003182E+01
    0.2755000000E+01    0.9885287321E+00    0.9984170096E+00    0.1010003025E+01
    0.2765000000E+01    0.9899686184E+00    0.9998712832E+00    0.1010003009E+01
    0.2775000000E+01    0.9898047233E+00    0.9997057163E+00    0.1010002976E+01
    0.2785000000E+01    0.9913897996E+00    0.1001306773E+01    0.1010003102E+01
    0.2795000000E+01    0.9876813457E+00    0.9975609788E+00    0.1010002855E+01
    0.2805000000E+01    0.9913826960E+00    0.1001299479E+01    0.1010002982E+01
    0.2815000000E+01    0.9918742330E+00    0.1001796111E+01    0.1010003161E+01
    0.2825000000E+01    0.9877370971E+00    0.9976173460E+00    0.1010002914E+01
    0.2835000000E+01    0.9889541412E+00    0.9988464430E+00    0.1010002791E+01
    0.2845000000E+01    0.9906163130E+00    0.1000525292E+01    0.1010002842E+01
    0.2855000000E+01    0.9870103024E+00    0.9968828856E+00    0.1010002513E+01
    0.2865000000E+01    0.9945373644E+00    0.1004485703E+01    0.1010002981E+01
    0.2875000000E+01    0.9900270632E+00    0.9999302742E+00    0.1010002970E+01
    0.2885000000E+01    0.9883636793E+00    0.9982500633E+00    0.1010002780E+01
    0.2895000000E+01    0.9902079483E+00    0.1000112789E+01    0.1010002788E+01
    0.2905000000E+01    0.9917843694E+00    0.1001705158E+01    0.1010002969E+01
    0.2915000000E+01    0.9898858017E+00    0.9997875719E+00    0.1010002942E+01
    0.2925000000E+01    0.9914642875E+00    0.1001381994E+01    0.1010003090E+01
    0.2935000000E+01    0.9897622486E+00    0.9996628886E+00    0.1010003049E+01
    0.2945000000E+01    0.9904348750E+00    0.1000342277E+01    0.1010003083E+01
    0.2955000000E+01    0.9922079984E+00    0.1002133371E+01    0.1010003318E+01
    0.2965000000E+01    0.9902535981E+00    0.1000159434E+01    0.1010003332E+01
    0.2975000000E+01    0.9881885772E+00    0.9980735361E+00    0.1010003110E+01
    0.2985000000E+01    0.9937951978E+00    0.1003736661E+01    0.1010003533E+01
    0.2995000000E+01    0.9915680246E+00    0.1001487374E+01    0.1010003701E+01
    0.3005000000E+01    0.9881520691E+00    0.9980370181E+00    0.1010003469E+01
    0.3015000000E+01    0.9881869331E+00    0.9980720047E+00    0.1010003240E+01
    0.3025000000E+01    0.9904449891E+00    0.1000352686E+01    0.1010003278E+01
    0.3035000000E+01    0.9891700278E+00    0.9990648573E+00    0.1010003164E+01
    0.3045000000E+01    0.9887348050E+00    0.9986251152E+00    0.1010002996E+01
    0.3055000000E+01    0.9895862928E+00    0.9994850555E+00    0.1010002930E+01
    0.3065000000E+01    0.9912356122E+00    0.1001151007E+01    0.1010003065E+01
    0.3075000000E+01    0.9865774259E+00    0.9964457944E+00    0.1010002630E+01
    0.3085000000E+01    0.9914839578E+00    0.1001401571E+01    0.1010002797E+01
    0.3095000000E+01    0.9911156751E+00    0.1001029726E+01    0.1010002920E+01
    0.3105000000E+01    0.9899711889E+00    0.9998737718E+00    0.1010002900E+01
    0.3115000000E+01    0.9892500566E+00    0.9991453166E+00    0.1010002789E+01
    0.3125000000E+01    0.9900998706E+00    0.1000003628E+01    0.1010002786E+01
    0.3135000000E+01    0.9887873825E+00    0.9986778419E+00    0.1010002615E+01
    0.3145000000E+01    0.9898022733E+00    0.9997028428E+00    0.1010002573E+01
    0.3155000000E+01    0.9927838816E+00    0.1002714616E+01    0.1010002916E+01
    0.3165000000E+01    0.9909079690E+00    0.1000820039E+01    0.1010003018E+01
    0.3175000000E+01    0.9886771333E+00    0.9985667007E+00    0.1010002828E+01
    0.3185000000E+01    0.9890933729E+00    0.9989869691E+00    0.1010002692E+01
    0.3195000000E+01    0.9908488706E+00    0.1000760121E+01    0.1010002788E+01
    0.3205000000E+01    0.9913597106E+00    0.1001276234E+01    0.1010002952E+01
    0.3215000000E+01    0.9917548234E+00    0.1001675516E+01    0.1010003171E+01
    0.3225000000E+01    0.9903113281E+00    0.1000217606E+01    0.1010003196E+01
    0.3235000000E+01    0.9909850629E+00    0.1000898196E+01    0.1010003313E+01
    0.3245000000E+01    0.9880592061E+00    0.9979427916E+00    0.1010003030E+01
    0.3255000000E+01    0.9884446856E+00    0.9983318980E+00    0.1010002798E+01
    0.3265000000E+01    0.9921171012E+00    0.1002041322E+01    0.1010003074E+01
    0.3275000000E+01    0.9904323151E+00    0.1000339725E+01    0.1010003117E+01
    0.3285000000E+01    0.9891265324E+00    0.9990207416E+00    0.1010002976E+01
    0.3295000000E+01    0.9916682117E+00    0.1001588061E+01    0.1010003194E+01
    0.3305000000E+01    0.9919018890E+00    0.1001824327E+01    0.1010003447E+01
    0.3315000000E+01    0.9897667328E+00    0.9996677607E+00    0.1010003395E+01
    0.3325000000E+01    0.9902014459E+00    0.1000106833E+01    0.1010003406E+01
    0.3335000000E+01    0.9890159699E+00    0.9989093395E+00    0.1010003246E+01
    0.3345000000E+01    0.9899088536E+00    0.9998111237E+00    0.1010003214E+01
    0.3355000000E+01    0.9905421607E+00    0.1000450826E+01    0.1010003275E+01
    0.3365000000E+01    0.9919341729E+00    0.1001857028E+01    0.1010003542E+01
    0.3375000000E+01    0.9921872265E+00    0.1002112917E+01    0.1010003848E+01
    0.3385000000E+01    0.9917100465E+00    0.1001631198E+01    0.1010004085E+01
    0.3395000000E+01    0.9877398982E+00    0.9976209781E+00    0.1010003727E+01
    0.3405000000E+01    0.9897948606E+00    0.9996964485E+00    0.1010003677E+01
    0.3415000000E+01    0.9890780631E+00    0.9989723230E+00    0.1010003518E+01
    0.3425000000E+01    0.9892202447E+00    0.9991157902E+00    0.1010003379E+01
    0.3435000000E+01    0.9914790192E+00    0.1001397367E+01    0.1010003588E+01
    0.3445000000E+01    0.9895580328E+00    0.9994570768E+00    0.1010003500E+01
    0.3455000000E+01    0.9908910151E+00    0.1000803512E+01    0.1010003620E+01
    0.3465000000E+01    0.9896681466E+00    0.9995683397E+00    0.1010003548E+01
    0.3475000000E+01    0.9884189593E+00    0.9983063905E+00    0.1010003280E+01
    0.3485000000E+01    0.9901407504E+00    0.1000045408E+01    0.1010003282E+01
    0.3495000000E+01    0.9899354386E+00    0.9998380123E+00    0.1010003252E+01
    0.3505000000E+01    0.9912094654E+00    0.1001124956E+01    0.1010003426E+01
    0.3515000000E+01    0.9901356066E+00    0.1000040357E+01    0.1010003428E+01
    0.3525000000E+01    0.9879724655E+00    0.9978552322E+00    0.1010003079E+01
    0.3535000000E+01    0.9894561084E+00    0.9993536082E+00    0.1010002970E+01
    0.3545000000E+01    0.9892442985E+00    0.9991395367E+00    0.1010002826E+01
    0.3555000000E+01    0.9894606127E+00    0.9993579062E+00    0.1010002716E+01
    0.3565000000E+01    0.9881852954E+00    0.9980695142E+00    0.1010002394E+01
    0.3575000000E+01    0.9902420748E+00    0.1000146886E+01    0.1010002414E+01
    0.3585000000E+01    0.9906894882E+00    0.1000598868E+01    0.1010002509E+01
    0.3595000000E+01    0.9893763845E+00    0.9992725055E+00    0.1010002382E+01
    0.3605000000E+01    0.9915942555E+00    0.1001512808E+01    0.1010002632E+01
    0.3615000000E+01    0.9903009147E+00    0.1000206561E+01    0.1010002662E+01
    0.3625000000E+01    0.9893419453E+00    0.9992378659E+00    0.1010002528E+01
    0.3635000000E+01    0.9899504732E+00    0.9998524509E+00    0.1010002498E+01
    0.3645000000E+01    0.9911194549E+00    0.1001033297E+01    0.1010002671E+01
    0.3655000000E+01    0.9899154142E+00    0.9998171766E+00    0.1010002635E+01
    0.3665000000E+01    0.9879126426E+00    0.9977939880E+00    0.1010002246E+01
    0.3675000000E+01    0.9922507648E+00    0.1002175874E+01    0.1010002622E+01
    0.3685000000E+01    0.9889492602E+00    0.9988411397E+00    0.1010002414E+01
    0.3695000000E+01    0.9887233112E+00    0.9986126831E+00    0.1010002163E+01
    0.3705000000E+01    0.9929849036E+00    0.1002917411E+01    0.1010002678E+01
    0.3715000000E+01    0.9892933746E+00    0.9991888090E+00    0.1010002528E+01
    0.3725000000E+01    0.9898119701E+00    0.9997125357E+00    0.1010002471E+01
    0.3735000000E+01    0.9901633287E+00    0.1000067416E+01    0.1010002478E+01
    0.3745000000E+01    0.9890353501E+00    0.9989279571E+00    0.1010002278E+01
    0.3755000000E+01    0.9888619185E+00    0.9987525602E+00    0.1010002045E+01
    0.3765000000E+01    0.9889043284E+00    0.9987951703E+00    0.1010001819E+01
    0.3775000000E+01    0.9889369238E+00    0.9988278724E+00    0.1010001597E+01
    0.3785000000E+01    0.9901302662E+00    0.1000033151E+01    0.1010001598E+01
    0.3795000000E+01    0.9916210261E+00    0.1001539102E+01    0.1010001881E+01
    0.3805000000E+01    0.9889373731E+00    0.9988283845E+00    0.1010001656E+01
    0.3815000000E+01    0.9909538060E+00    0.1000865142E+01    0.1010001815E+01
    0.3825000000E+01    0.9900468946E+00    0.9999491456E+00    0.1010001800E+01
    0.3835000000E+01    0.9898606698E+00    0.9997610081E+00    0.1010001749E+01
    0.3845000000E+01    0.9893019673E+00    0.9991965599E+00    0.1010001590E+01
    0.3855000000E+01    0.9900392688E+00    0.9999412194E+00    0.1010001574E+01
    0.3865000000E+01    0.9886517687E+00    0.9985395566E+00    0.1010001285E+01
    0.3875000000E+01    0.9907802794E+00    0.1000689484E+01    0.1010001414E+01
    0.3885000000E+01    0.9898222048E+00    0.9997217678E+00    0.1010001355E+01
    0.3895000000E+01    0.9917347145E+00    0.1001653724E+01    0.1010001676E+01
    0.3905000000E+01    0.9898541755E+00    0.9997543231E+00    0.1010001622E+01
    0.3915000000E+01    0.9892773356E+00    0.9991715453E+00    0.1010001452E+01
    0.3925000000E+01    0.9902692482E+00    0.1000173408E+01    0.1010001482E+01
    0.3935000000E+01    0.9923751789E+00    0.1002300856E+01    0.1010001940E+01
    0.3945000000E+01    0.9896623080E+00    0.9995607582E+00    0.1010001846E+01
    0.3955000000E+01    0.9905674780E+00    0.1000475072E+01    0.1010001938E+01
    0.3965000000E+01    0.9906226459E+00    0.1000530895E+01    0.1010002041E+01
    0.3975000000E+01    0.9885921880E+00    0.9984798135E+00    0.1010001723E+01
    0.3985000000E+01    0.9908042438E+00    0.1000714135E+01    0.1010001866E+01
    0.3995000000E+01    0.9903245803E+00    0.1000229716E+01    0.1010001908E+01
    0.4005000000E+01    0.9907343686E+00    0.1000643731E+01    0.1010002038E+01
    0.4015000000E+01    0.9893307086E+00    0.9992258656E+00    0.1010001870E+01
    0.4025000000E+01    0.9925757972E+00    0.1002503931E+01    0.1010002394E+01
    0.4035000000E+01    0.9908277031E+00    0.1000738502E+01    0.1010002546E+01
    0.4045000000E+01    0.9896703317E+00    0.9995694580E+00    0.1010002448E+01
    0.4055000000E+01    0.9889874707E+00    0.9988795236E+00    0.1010002202E+01
    0.4065000000E+01    0.9898569389E+00    0.9997576314E+00    0.1010002145E+01
    0.4075000000E+01    0.9910632080E+00    0.1000976170E+01    0.1010002351E+01
    0.4085000000E+01    0.9906109491E+00    0.1000519495E+01    0.1010002459E+01
    0.4095000000E+01    0.9907888093E+00    0.1000699280E+01    0.1010002607E+01
    0.4105000000E+01    0.9904389634E+00    0.1000346005E+01    0.1010002678E+01
    0.4115000000E+01    0.9910491904E+00    0.1000962542E+01    0.1010002886E+01
    0.4125000000E+01    0.9908397362E+00    0.1000751153E+01    0.1010003047E+01
    0.4135000000E+01    0.9883632231E+00    0.9982494750E+00    0.1010002650E+01
    0.4145000000E+01    0.9892834653E+00    0.9991787340E+00    0.1010002460E+01
    0.4155000000E+01    0.9910866724E+00    0.1001000196E+01    0.1010002681E+01
    0.4165000000E+01    0.9906073617E+00    0.1000516202E+01    0.1010002793E+01
    0.4175000000E+01    0.9909660920E+00    0.1000878714E+01    0.1010002988E+01
    0.4185000000E+01    0.9908392045E+00    0.1000750722E+01    0.1010003154E+01
    0.4195000000E+01    0.9902244894E+00    0.1000129882E+01    0.1010003179E+01
    0.4205000000E+01    0.9918300947E+00    0.1001751945E+01    0.1010003579E+01
    0.4215000000E+01    0.9912312947E+00    0.1001147414E+01    0.1010003841E+01
    0.4225000000E+01    0.9913961558E+00    0.1001314224E+01    0.1010004142E+01
    0.4235000000E+01    0.9910751351E+00    0.1000990217E+01    0.1010004370E+01
    0.4245000000E+01    0.9897540812E+00    0.9996558608E+00    0.1010004283E+01
    0.4255000000E+01    0.9891439507E+00    0.9990393954E+00    0.1010004049E+01
    0.4265000000E+01    0.9903563211E+00    0.1000263951E+01    0.1010004106E+01
    0.4275000000E+01    0.9906827147E+00    0.1000593746E+01    0.1010004243E+01
    0.4285000000E+01    0.9903070919E+00    0.1000214410E+01    0.1010004289E+01
    0.4295000000E+01    0.9907408010E+00    0.1000652609E+01    0.1010004442E+01
    0.4305000000E+01    0.9900989214E+00    0.1000004304E+01    0.1010004437E+01
    0.4315000000E+01    0.9896707887E+00    0.9995717786E+00    0.1010004327E+01
    0.4325000000E+01    0.9887564608E+00    0.9986479694E+00    0.1010003989E+01
    0.4335000000E+01    0.9913098275E+00    0.1001227175E+01    0.1010004286E+01
    0.4345000000E+01    0.9884423967E+00    0.9983306422E+00    0.1010003866E+01
    0.4355000000E+01    0.9879438513E+00    0.9978265685E+00    0.1010003319E+01
    0.4365000000E+01    0.9892873167E+00    0.9991832649E+00    0.1010003108E+01
    0.4375000000E+01    0.9886310606E+00    0.9985200703E+00    0.1010002730E+01
    0.4385000000E+01    0.9887028963E+00    0.9985922669E+00    0.1010002368E+01
    0.4395000000E+01    0.9887854818E+00    0.9986753398E+00    0.1010002026E+01
    0.4405000000E+01    0.9917137982E+00    0.1001633353E+01    0.1010002437E+01
    0.4415000000E+01    0.9904008833E+00    0.1000307378E+01    0.1010002510E+01
    0.4425000000E+01    0.9905297775E+00    0.1000437668E+01    0.1010002617E+01
    0.4435000000E+01    0.9889310467E+00    0.9988226381E+00    0.1010002306E+01
    0.4445000000E+01    0.9913406647E+00    0.1001256676E+01    0.1010002628E+01
    0.4455000000E+01    0.9889574789E+00    0.9988493490E+00    0.1010002321E+01
    0.4465000000E+01    0.9890733682E+00    0.9989661229E+00    0.1010002043E+01
    0.4475000000E+01    0.9896271021E+00    0.9995252654E+00    0.1010001912E+01
    0.4485000000E+01    0.9905464920E+00    0.1000453964E+01    0.1010002027E+01
    0.4495000000E+01    0.9929206730E+00    0.1002852641E+01    0.1010002781E+01
    0.4505000000E+01    0.9878235805E+00    0.9977039502E+00    0.1010002160E+01
    0.4515000000E+01    0.9891063228E+00    0.9989992505E+00    0.1010001885E+01
    0.4525000000E+01    0.9922390804E+00    0.1002163916E+01    0.1010002464E+01
    0.4535000000E+01    0.9906914261E+00    0.1000600937E+01    0.1010002621E+01
    0.4545000000E+01    0.9895602411E+00    0.9994582852E+00    0.1010002467E+01
    0.4555000000E+01    0.9911816353E+00    0.1001096189E+01    0.1010002762E+01
    0.4565000000E+01    0.9908538219E+00    0.1000765300E+01    0.1010002967E+01
    0.4575000000E+01    0.9916154407E+00    0.1001534952E+01    0.1010003385E+01
    0.4585000000E+01    0.9903122935E+00    0.1000218823E+01    0.1010003440E+01
    0.4595000000E+01    0.9898364443E+00    0.9997381354E+00    0.1010003361E+01
    0.4605000000E+01    0.9883675821E+00    0.9982540894E+00    0.1010002865E+01
    0.4615000000E+01    0.9883536542E+00    0.9982395258E+00    0.1010002363E+01
    0.4625000000E+01    0.9917674708E+00    0.1001687957E+01    0.1010002834E+01
    0.4635000000E+01    0.9917048910E+00    0.1001625203E+01    0.1010003291E+01
    0.4645000000E+01    0.9887411862E+00    0.9986314588E+00    0.1010002893E+01
    0.4655000000E+01    0.9895804256E+00    0.9994789390E+00    0.1010002738E+01
    0.4665000000E+01    0.9915639234E+00    0.1001482695E+01    0.1010003159E+01
    0.4675000000E+01    0.9893698791E+00    0.9992664869E+00    0.1010002940E+01
    0.4685000000E+01    0.9903510708E+00    0.1000257561E+01    0.1010003009E+01
    0.4695000000E+01    0.9893684004E+00    0.9992648427E+00    0.1010002788E+01
    0.4705000000E+01    0.9907954373E+00    0.1000706353E+01    0.1010002989E+01
    0.4715000000E+01    0.9919997244E+00    0.1001923243E+01    0.1010003550E+01
    0.4725000000E+01    0.9887031692E+00    0.9985932927E+00    0.1010003127E+01
    0.4735000000E+01    0.9884601072E+00    0.9983473067E+00    0.1010002629E+01
    0.4745000000E+01    0.9905037521E+00    0.1000411509E+01    0.1010002746E+01
    0.4755000000E+01    0.9899020706E+00    0.9998037446E+00    0.1010002680E+01
    0.4765000000E+01    0.9898390700E+00    0.9997400298E+00    0.1010002595E+01
    0.4775000000E+01    0.9909644331E+00    0.1000876907E+01    0.1010002855E+01
    0.4785000000E+01    0.9898614300E+00    0.9997627926E+00    0.1010002776E+01
    0.4795000000E+01    0.9903951497E+00    0.1000301936E+01    0.1010002862E+01
    0.4805000000E+01    0.9887043993E+00    0.9985938398E+00    0.1010002424E+01
    0.4815000000E+01    0.9906290462E+00    0.1000537896E+01    0.1010002584E+01
    0.4825000000E+01    0.9904742070E+00    0.1000381619E+01    0.1010002695E+01
    0.4835000000E+01    0.9894477477E+00    0.9993446839E+00    0.1010002485E+01
    0.4845000000E+01    0.9893828485E+00    0.9992789060E+00    0.1010002253E+01
    0.4855000000E+01    0.9904456753E+00    0.1000352467E+01    0.1010002357E+01
    0.4865000000E+01    0.9918154066E+00    0.1001736436E+01    0.1010002899E+01
    0.4875000000E+01    0.9912945154E+00    0.1001210708E+01    0.1010003276E+01
    0.4885000000E+01    0.9910208563E+00    0.1000934600E+01    0.1010003567E+01
    0.4895000000E+01    0.9899293276E+00    0.9998320922E+00    0.1010003507E+01
    0.4905000000E+01    0.9897659151E+00    0.9996669327E+00    0.1010003393E+01
    0.4915000000E+01    0.9904993631E+00    0.1000407841E+01    0.1010003518E+01
    0.4925000000E+01    0.9896127722E+00    0.9995122186E+00    0.1010003353E+01
    0.4935000000E+01    0.9895899586E+00    0.9994890057E+00    0.1010003181E+01
    0.4945000000E+01    0.9907919243E+00    0.1000703216E+01    0.1010003404E+01
    0.4955000000E+01    0.9910136043E+00    0.1000927409E+01    0.1010003702E+01
    0.4965000000E+01    0.9906235289E+00    0.1000533599E+01    0.1010003871E+01
    0.4975000000E+01    0.9900551544E+00    0.9999595185E+00    0.1010003851E+01
    0.4985000000E+01    0.9894432539E+00    0.9993412732E+00    0.1010003625E+01
    0.4995000000E+01    0.9892213584E+00    0.9991168597E+00    0.1010003323E+01
    0.5005000000E+01    0.9908165918E+00    0.1000728286E+01    0.1010003561E+01
    0.5015000000E+01    0.9896311429E+00    0.9995308154E+00    0.1010003396E+01
    0.5025000000E+01    0.9897333416E+00    0.9996339071E+00    0.1010003266E+01
    0.5035000000E+01    0.9880950826E+00    0.9979785748E+00    0.1010002572E+01
    0.5045000000E+01    0.9907154162E+00    0.1000625323E+01    0.1010002779E+01
    0.5055000000E+01    0.9903472312E+00    0.1000253535E+01    0.1010002859E+01
    0.5065000000E+01    0.9919751248E+00    0.1001898353E+01    0.1010003505E+01
    0.5075000000E+01    0.9908248647E+00    0.1000736832E+01    0.1010003753E+01
    0.5085000000E+01    0.9904885743E+00    0.1000397308E+01    0.1010003884E+01
    0.5095000000E+01    0.9909511305E+00    0.1000864783E+01    0.1010004179E+01
    0.5105000000E+01    0.9888856369E+00    0.9987781962E+00    0.1010003744E+01
    0.5115000000E+01    0.9903815119E+00    0.1000289129E+01    0.1010003839E+01
    0.5125000000E+01    0.9911567676E+00    0.1001072509E+01    0.1010004211E+01
    0.5135000000E+01    0.9896717972E+00    0.9995725260E+00    0.1010004053E+01
    0.5145000000E+01    0.9905703324E+00    0.1000480213E+01    0.1010004217E+01
    0.5155000000E+01    0.9880636467E+00    0.9979477174E+00    0.1010003476E+01
    0.5165000000E+01    0.9901747599E+00    0.1000079971E+01    0.1010003498E+01
    0.5175000000E+01    0.9885613788E+00    0.9984498905E+00    0.1010002931E+01
    0.5185000000E+01    0.9904052095E+00    0.1000312270E+01    0.1010003038E+01
    0.5195000000E+01    0.9894760808E+00    0.9993736148E+00    0.1010002803E+01
    0.5205000000E+01    0.9918252773E+00    0.1001746936E+01    0.1010003434E+01
    0.5215000000E+01    0.9901319394E+00    0.1000036665E+01    0.1010003440E+01
    0.5225000000E+01    0.9889141969E+00    0.9988062992E+00    0.1010002993E+01
    0.5235000000E+01    0.9888529780E+00    0.9987440015E+00    0.1010002522E+01
    0.5245000000E+01    0.9913440272E+00    0.1001260425E+01    0.1010002983E+01
    0.5255000000E+01    0.9904703067E+00    0.1000378097E+01    0.1010003117E+01
    0.5265000000E+01    0.9905970533E+00    0.1000506292E+01    0.1010003299E+01
    0.5275000000E+01    0.9887843027E+00    0.9986749082E+00    0.1010002794E+01
    0.5285000000E+01    0.9888073134E+00    0.9986976556E+00    0.1010002295E+01
    0.5295000000E+01    0.9892691973E+00    0.9991638386E+00    0.1010001970E+01
    0.5305000000E+01    0.9913948617E+00    0.1001311252E+01    0.1010002463E+01
    0.5315000000E+01    0.9903499224E+00    0.1000255950E+01    0.1010002553E+01
    0.5325000000E+01    0.9913411868E+00    0.1001257602E+01    0.1010003029E+01
    0.5335000000E+01    0.9903247902E+00    0.1000231119E+01    0.1010003111E+01
    0.5345000000E+01    0.9895363901E+00    0.9994346086E+00    0.1010002885E+01
    0.5355000000E+01    0.9915741555E+00    0.1001493326E+01    0.1010003458E+01
    0.5365000000E+01    0.9907525414E+00    0.1000663743E+01    0.1010003710E+01
    0.5375000000E+01    0.9905890110E+00    0.1000498763E+01    0.1010003898E+01
    0.5385000000E+01    0.9895927149E+00    0.9994922948E+00    0.1010003691E+01
    0.5395000000E+01    0.9894426156E+00    0.9993404288E+00    0.1010003423E+01
    0.5405000000E+01    0.9906317657E+00    0.1000541680E+01    0.1010003631E+01
    0.5415000000E+01    0.9905613852E+00    0.1000470774E+01    0.1010003811E+01
    0.5425000000E+01    0.9908638834E+00    0.1000776599E+01    0.1010004114E+01
    0.5435000000E+01    0.9895960431E+00    0.9994958674E+00    0.1010003905E+01
    0.5445000000E+01    0.9894678945E+00    0.9993661765E+00    0.1010003641E+01
    0.5455000000E+01    0.9905641844E+00    0.1000473616E+01    0.1010003826E+01
    0.5465000000E+01    0.9904444010E+00    0.1000352769E+01    0.1010003962E+01
    0.5475000000E+01    0.9897273319E+00    0.9996283687E+00    0.1010003803E+01
    0.5485000000E+01    0.9891061560E+00    0.9990005661E+00    0.1010003385E+01
    0.5495000000E+01    0.9898491165E+00    0.9997508497E+00    0.1010003275E+01
    0.5505000000E+01    0.9887876590E+00    0.9986782265E+00    0.1010002721E+01
    0.5515000000E+01    0.9899832758E+00    0.9998857484E+00    0.1010002666E+01
    0.5525000000E+01    0.9897349706E+00    0.9996348013E+00    0.1010002507E+01
    0.5535000000E+01    0.9910924424E+00    0.1001006261E+01    0.1010002920E+01
    0.5545000000E+01    0.9901127370E+00    0.1000016755E+01    0.1010002920E+01
    0.5555000000E+01    0.9890560309E+00    0.9989490331E+00    0.1010002469E+01
    0.5565000000E+01    0.9910014603E+00    0.1000914298E+01    0.1010002848E+01
    0.5575000000E+01    0.9890332873E+00    0.9989259781E+00    0.1010002384E+01
    0.5585000000E+01    0.9905795773E+00    0.1000487933E+01    0.1010002585E+01
    0.5595000000E+01    0.9891221970E+00    0.9990155508E+00    0.1010002155E+01
    0.5605000000E+01    0.9890694834E+00    0.9989618605E+00    0.1010001701E+01
    0.5615000000E+01    0.9903085669E+00    0.1000213421E+01    0.1010001785E+01
    0.5625000000E+01    0.9903228351E+00    0.1000227922E+01    0.1010001876E+01
    0.5635000000E+01    0.9909352716E+00    0.1000846842E+01    0.1010002238E+01
    0.5645000000E+01    0.9891064994E+00    0.9989993372E+00    0.1010001792E+01
    0.5655000000E+01    0.9906883198E+00    0.1000597231E+01    0.1010002047E+01
    0.5665000000E+01    0.9888875074E+00    0.9987778661E+00    0.1010001500E+01
    0.5675000000E+01    0.9897004171E+00    0.9995987227E+00    0.1010001315E+01
    0.5685000000E+01    0.9887222187E+00    0.9986101229E+00    0.1010000690E+01
    0.5695000000E+01    0.9897478061E+00    0.9996458028E+00    0.1010000524E+01
    0.5705000000E+01    0.9899530366E+00    0.9998530128E+00    0.1010000450E+01
    0.5715000000E+01    0.9904431454E+00    0.1000348170E+01    0.1010000599E+01
    0.5725000000E+01    0.9891001346E+00    0.9989912704E+00    0.1010000136E+01
    0.5735000000E+01    0.9904585540E+00    0.1000363429E+01    0.1010000293E+01
    0.5745000000E+01    0.9898970276E+00    0.9997961879E+00    0.1010000192E+01
    0.5755000000E+01    0.9904765218E+00    0.1000381642E+01    0.1010000358E+01
    0.5765000000E+01    0.9898430520E+00    0.9997417121E+00    0.1010000232E+01
    0.5775000000E+01    0.9895787130E+00    0.9994744825E+00    0.1009999982E+01
    0.5785000000E+01    0.9901149087E+00    0.1000016040E+01    0.1009999982E+01
    0.5795000000E+01    0.9907856065E+00    0.1000693755E+01    0.1010000295E+01
    0.5805000000E+01    0.9904081872E+00    0.1000312698E+01    0.1010000433E+01
    0.5815000000E+01    0.9909060939E+00    0.1000815954E+01    0.1010000806E+01
    0.5825000000E+01    0.9906565698E+00    0.1000564189E+01    0.1010001063E+01
    0.5835000000E+01    0.9892427996E+00    0.9991358686E+00    0.1010000648E+01
    0.5845000000E+01    0.9905461508E+00    0.1000452458E+01    0.1010000854E+01
    0.5855000000E+01    0.9912341029E+00    0.1001147822E+01    0.1010001391E+01
    0.5865000000E+01    0.9902641741E+00    0.1000168264E+01    0.1010001463E+01
    0.5875000000E+01    0.9891590957E+00    0.9990516767E+00    0.1010001001E+01
    0.5885000000E+01    0.9899366846E+00    0.9998369566E+00    0.1010000914E+01
    0.5895000000E+01    0.9900995997E+00    0.1000001494E+01    0.1010000907E+01
    0.5905000000E+01    0.9908772253E+00    0.1000787266E+01    0.1010001280E+01
    0.5915000000E+01    0.9880530286E+00    0.9979338232E+00    0.1010000268E+01
    0.5925000000E+01    0.9896934091E+00    0.9995904021E+00    0.1010000060E+01
    0.5935000000E+01    0.9891223169E+00    0.9990131128E+00    0.1009999568E+01
    0.5945000000E+01    0.9901665034E+00    0.1000067765E+01    0.1009999593E+01
    0.5955000000E+01    0.9905384979E+00    0.1000443688E+01    0.1009999804E+01
    0.5965000000E+01    0.9892700144E+00    0.9991621014E+00    0.1009999380E+01
    0.5975000000E+01    0.9900916410E+00    0.9999919316E+00    0.1009999368E+01
    0.5985000000E+01    0.9901294173E+00    0.1000030092E+01    0.1009999375E+01
    0.5995000000E+01    0.9916402316E+00    0.1001556779E+01    0.1010000146E+01
    0.6005000000E+01    0.9900321512E+00    0.9999325758E+00    0.1010000104E+01
    0.6015000000E+01    0.9908855752E+00    0.1000794924E+01    0.1010000497E+01
    0.6025000000E+01    0.9895348191E+00    0.9994303652E+00    0.1010000200E+01
    0.6035000000E+01    0.9899540416E+00    0.9998536980E+00    0.1010000117E+01
    0.6045000000E+01    0.9888046137E+00    0.9986921068E+00    0.1009999441E+01
    0.6055000000E+01    0.9900431794E+00    0.9999430201E+00    0.1009999403E+01
    0.6065000000E+01    0.9901235938E+00    0.1000024242E+01    0.1009999407E+01
    0.6075000000E+01    0.9892310720E+00    0.9991223390E+00    0.1009998945E+01
    0.6085000000E+01    0.9907196397E+00    0.1000626104E+01    0.1009999261E+01
    0.6095000000E+01    0.9904811601E+00    0.1000385430E+01    0.1009999453E+01
    0.6105000000E+01    0.9905115285E+00    0.1000416309E+01    0.1009999662E+01
    0.6115000000E+01    0.9909229027E+00    0.1000832221E+01    0.1010000090E+01
    0.6125000000E+01    0.9908369403E+00    0.1000745780E+01    0.1010000474E+01
    0.6135000000E+01    0.9895516019E+00    0.9994472898E+00    0.1010000174E+01
    0.6145000000E+01    0.9909991991E+00    0.1000909833E+01    0.1010000648E+01
    0.6155000000E+01    0.9905420976E+00    0.1000448388E+01    0.1010000878E+01
    0.6165000000E+01    0.9906537661E+00    0.1000561462E+01    0.1010001169E+01
    0.6175000000E+01    0.9908712430E+00    0.1000781521E+01    0.1010001580E+01
    0.6185000000E+01    0.9898499688E+00    0.9997498906E+00    0.1010001437E+01
    0.6195000000E+01    0.9909765230E+00    0.1000888179E+01    0.1010001908E+01
    0.6205000000E+01    0.9904117385E+00    0.1000317908E+01    0.1010002072E+01
    0.6215000000E+01    0.9909787687E+00    0.1000891082E+01    0.1010002549E+01
    0.6225000000E+01    0.9900364822E+00    0.9999393288E+00    0.1010002507E+01
    0.6235000000E+01    0.9898159287E+00    0.9997164064E+00    0.1010002342E+01
    0.6245000000E+01    0.9898303800E+00    0.9997308467E+00    0.1010002185E+01
    0.6255000000E+01    0.9900512898E+00    0.9999539321E+00    0.1010002151E+01
    0.6265000000E+01    0.9909075643E+00    0.1000819213E+01    0.1010002597E+01
    0.6275000000E+01    0.9902835505E+00    0.1000189053E+01    0.1010002693E+01
    0.6285000000E+01    0.9897952336E+00    0.9996956743E+00    0.1010002514E+01
    0.6295000000E+01    0.9907642829E+00    0.1000674783E+01    0.1010002884E+01
    0.6305000000E+01    0.9904111341E+00    0.1000318270E+01    0.1010003054E+01
    0.6315000000E+01    0.9897484746E+00    0.9996487769E+00    0.1010002847E+01
    0.6325000000E+01    0.9910842540E+00    0.1000998471E+01    0.1010003405E+01
    0.6335000000E+01    0.9909890132E+00    0.1000902778E+01    0.1010003910E+01
    0.6345000000E+01    0.9901291425E+00    0.1000034316E+01    0.1010003920E+01
    0.6355000000E+01    0.9903146922E+00    0.1000221839E+01    0.1010004039E+01
    0.6365000000E+01    0.9908675917E+00    0.1000780706E+01    0.1010004480E+01
    0.6375000000E+01    0.9891961624E+00    0.9990920268E+00    0.1010003945E+01
    0.6385000000E+01    0.9911207362E+00    0.1001036441E+01    0.1010004538E+01
    0.6395000000E+01    0.9921321744E+00    0.1002059180E+01    0.1010005728E+01
    0.6405000000E+01    0.9894351367E+00    0.9993347621E+00    0.1010005330E+01
    0.6415000000E+01    0.9893713651E+00    0.9992699194E+00    0.1010004893E+01
    0.6425000000E+01    0.9894141863E+00    0.9993127594E+00    0.1010004479E+01
    0.6435000000E+01    0.9893494707E+00    0.9992469468E+00    0.1010004024E+01
    0.6445000000E+01    0.9898446749E+00    0.9997469473E+00    0.1010003865E+01
    0.6455000000E+01    0.9879947255E+00    0.9978772329E+00    0.1010002591E+01
    0.6465000000E+01    0.9902143667E+00    0.1000119138E+01    0.1010002653E+01
    0.6475000000E+01    0.9891961726E+00    0.9990902097E+00    0.1010002098E+01
    0.6485000000E+01    0.9891531746E+00    0.9990462043E+00    0.1010001514E+01
    0.6495000000E+01    0.9899574856E+00    0.9998584657E+00    0.1010001419E+01
    0.6505000000E+01    0.9889183136E+00    0.9988081762E+00    0.1010000687E+01
    0.6515000000E+01    0.9899344507E+00    0.9998343663E+00    0.1010000577E+01
    0.6525000000E+01    0.9911322903E+00    0.1001044809E+01    0.1010001206E+01
    0.6535000000E+01    0.9904356003E+00    0.1000341349E+01    0.1010001406E+01
    0.6545000000E+01    0.9911458702E+00    0.1001059360E+01    0.1010002049E+01
    0.6555000000E+01    0.9891238007E+00    0.9990164549E+00    0.1010001432E+01
    0.6565000000E+01    0.9886439880E+00    0.9985309332E+00    0.1010000511E+01
    0.6575000000E+01    0.9902479735E+00    0.1000151043E+01    0.1010000596E+01
    0.6585000000E+01    0.9900058206E+00    0.9999064013E+00    0.1010000528E+01
    0.6595000000E+01    0.9898404198E+00    0.9997391751E+00    0.1010000355E+01
    0.6605000000E+01    0.9899003206E+00    0.9997995406E+00    0.1010000219E+01
    0.6615000000E+01    0.9900960450E+00    0.9999972111E+00    0.1010000208E+01
    0.6625000000E+01    0.9895996693E+00    0.9994955456E+00    0.1009999878E+01
    0.6635000000E+01    0.9912574236E+00    0.1001170606E+01    0.1010000614E+01
    0.6645000000E+01    0.9899156454E+00    0.9998152830E+00    0.1010000486E+01
    0.6655000000E+01    0.9914072812E+00    0.1001322667E+01    0.1010001324E+01
    0.6665000000E+01    0.9897739274E+00    0.9996727593E+00    0.1010001104E+01
    0.6675000000E+01    0.9901794467E+00    0.1000082377E+01    0.1010001147E+01
    0.6685000000E+01    0.9907648140E+00    0.1000674022E+01    0.1010001574E+01
    0.6695000000E+01    0.9890174303E+00    0.9989084501E+00    0.1010000855E+01
    0.6705000000E+01    0.9897566684E+00    0.9996548486E+00    0.1010000620E+01
    0.6715000000E+01    0.9894563990E+00    0.9993511462E+00    0.1010000185E+01
    0.6725000000E+01    0.9893255837E+00    0.9992185048E+00    0.1009999662E+01
    0.6735000000E+01    0.9877292284E+00    0.9976046159E+00    0.1009998072E+01
    0.6745000000E+01    0.9899104862E+00    0.9998075462E+00    0.1009997934E+01
    0.6755000000E+01    0.9898172100E+00    0.9997131389E+00    0.1009997734E+01
    0.6765000000E+01    0.9900738943E+00    0.9999723616E+00    0.1009997706E+01
    0.6775000000E+01    0.9896859130E+00    0.9995802134E+00    0.1009997415E+01
    0.6785000000E+01    0.9902139858E+00    0.1000113631E+01    0.1009997481E+01
    0.6795000000E+01    0.9898133767E+00    0.9997088130E+00    0.1009997275E+01
    0.6805000000E+01    0.9902579122E+00    0.1000157889E+01    0.1009997372E+01
    0.6815000000E+01    0.9904671250E+00    0.1000369432E+01    0.1009997613E+01
    0.6825000000E+01    0.9896851767E+00    0.9995793721E+00    0.1009997316E+01
    0.6835000000E+01    0.9901795517E+00    0.1000078733E+01    0.1009997360E+01
    0.6845000000E+01    0.9894364098E+00    0.9993276951E+00    0.1009996888E+01
    0.6855000000E+01    0.9907922518E+00    0.1000697558E+01    0.1009997359E+01
    0.6865000000E+01    0.9909052494E+00    0.1000812231E+01    0.1009997910E+01
    0.6875000000E+01    0.9897637757E+00    0.9996591011E+00    0.1009997664E+01
    0.6885000000E+01    0.9905608892E+00    0.1000464494E+01    0.1009997977E+01
    0.6895000000E+01    0.9893875785E+00    0.9992789442E+00    0.1009997463E+01
    0.6905000000E+01    0.9905737694E+00    0.1000477316E+01    0.1009997788E+01
    0.6915000000E+01    0.9898816988E+00    0.9997781612E+00    0.1009997621E+01
    0.6925000000E+01    0.9913973288E+00    0.1001309851E+01    0.1009998537E+01
    0.6935000000E+01    0.9914487246E+00    0.1001362709E+01    0.1009999493E+01
    0.6945000000E+01    0.9899961796E+00    0.9998955554E+00    0.1009999408E+01
    0.6955000000E+01    0.9898091368E+00    0.9997064246E+00    0.1009999188E+01
    0.6965000000E+01    0.9887766863E+00    0.9986626925E+00    0.1009998219E+01
    0.6975000000E+01    0.9887337771E+00    0.9986183616E+00    0.1009997215E+01
    0.6985000000E+01    0.9898505159E+00    0.9997460729E+00    0.1009997022E+01
    0.6995000000E+01    0.9904163572E+00    0.1000317789E+01    0.1009997242E+01
    0.7005000000E+01    0.9894059697E+00    0.9992967840E+00    0.1009996720E+01
    0.7015000000E+01    0.9905642173E+00    0.1000466938E+01    0.1009997050E+01
    0.7025000000E+01    0.9908287409E+00    0.1000734628E+01    0.1009997578E+01
    0.7035000000E+01    0.9905664057E+00    0.1000470002E+01    0.1009997913E+01
    0.7045000000E+01    0.9898341657E+00    0.9997302339E+00    0.1009997703E+01
    0.7055000000E+01    0.9887635991E+00    0.9986479643E+00    0.1009996692E+01
    0.7065000000E+01    0.9900031315E+00    0.9998998039E+00    0.1009996607E+01
    0.7075000000E+01    0.9898060464E+00    0.9997005173E+00    0.1009996373E+01
    0.7085000000E+01    0.9910553135E+00    0.1000962976E+01    0.1009997083E+01
    0.7095000000E+01    0.9908794853E+00    0.1000785964E+01    0.1009997663E+01
    0.7105000000E+01    0.9896462944E+00    0.9995400909E+00    0.1009997306E+01
    0.7115000000E+01    0.9895015600E+00    0.9993934452E+00    0.1009996836E+01
    0.7125000000E+01    0.9902154141E+00    0.1000114511E+01    0.1009996913E+01
    0.7135000000E+01    0.9897333836E+00    0.9996273704E+00    0.1009996618E+01
    0.7145000000E+01    0.9909682956E+00    0.1000875280E+01    0.1009997276E+01
    0.7155000000E+01    0.9893310371E+00    0.9992210513E+00    0.1009996668E+01
    0.7165000000E+01    0.9898785763E+00    0.9997738812E+00    0.1009996484E+01
    0.7175000000E+01    0.9910859346E+00    0.1000994059E+01    0.1009997241E+01
    0.7185000000E+01    0.9897525421E+00    0.9996470549E+00    0.1009996956E+01
    0.7195000000E+01    0.9900242042E+00    0.9999213615E+00    0.1009996884E+01
    0.7205000000E+01    0.9897507691E+00    0.9996449079E+00    0.1009996596E+01
    0.7215000000E+01    0.9898314290E+00    0.9997261510E+00    0.1009996371E+01
    0.7225000000E+01    0.9898807492E+00    0.9997757790E+00    0.1009996184E+01
    0.7235000000E+01    0.9905218273E+00    0.1000423586E+01    0.1009996507E+01
    0.7245000000E+01    0.9901966574E+00    0.1000095229E+01    0.1009996571E+01
    0.7255000000E+01    0.9895976837E+00    0.9994898557E+00    0.1009996155E+01
    0.7265000000E+01    0.9897058127E+00    0.9995987380E+00    0.1009995824E+01
    0.7275000000E+01    0.9911014644E+00    0.1001009130E+01    0.1009996621E+01
    0.7285000000E+01    0.9914079446E+00    0.1001319714E+01    0.1009997670E+01
    0.7295000000E+01    0.9897762581E+00    0.9996714412E+00    0.1009997394E+01
    0.7305000000E+01    0.9894126750E+00    0.9993036549E+00    0.1009996820E+01
    0.7315000000E+01    0.9905006022E+00    0.1000402771E+01    0.1009997135E+01
    0.7325000000E+01    0.9896131032E+00    0.9995059901E+00    0.1009996722E+01
    0.7335000000E+01    0.9899939813E+00    0.9998905762E+00    0.1009996621E+01
    0.7345000000E+01    0.9910741615E+00    0.1000982342E+01    0.1009997416E+01
    0.7355000000E+01    0.9889721178E+00    0.9988583429E+00    0.1009996465E+01
    0.7365000000E+01    0.9909725249E+00    0.1000879456E+01    0.1009997180E+01
    0.7375000000E+01    0.9895567343E+00    0.9994490482E+00    0.1009996712E+01
    0.7385000000E+01    0.9902107238E+00    0.1000109655E+01    0.1009996792E+01
    0.7395000000E+01    0.9899100820E+00    0.9998058357E+00    0.1009996619E+01
    0.7405000000E+01    0.9896326648E+00    0.9995252405E+00    0.1009996210E+01
    0.7415000000E+01    0.9902156930E+00    0.1000114181E+01    0.1009996294E+01
    0.7425000000E+01    0.9903397160E+00    0.1000239632E+01    0.1009996485E+01
    0.7435000000E+01    0.9886098801E+00    0.9984912299E+00    0.1009995196E+01
    0.7445000000E+01    0.9911217690E+00    0.1001029081E+01    0.1009996059E+01
    0.7455000000E+01    0.9906005095E+00    0.1000503025E+01    0.1009996477E+01
    0.7465000000E+01    0.9917023736E+00    0.1001617265E+01    0.1009997850E+01
    0.7475000000E+01    0.9906677228E+00    0.1000572746E+01    0.1009998330E+01
    0.7485000000E+01    0.9899624635E+00    0.9998603042E+00    0.1009998198E+01
    0.7495000000E+01    0.9906354026E+00    0.1000540423E+01    0.1009998654E+01
    0.7505000000E+01    0.9896206928E+00    0.9995151397E+00    0.1009998221E+01
    0.7515000000E+01    0.9901789125E+00    0.1000078997E+01    0.1009998279E+01
    0.7525000000E+01    0.9898701578E+00    0.9997669424E+00    0.1009998063E+01
    0.7535000000E+01    0.9906397747E+00    0.1000544716E+01    0.1009998530E+01
    0.7545000000E+01    0.9913029962E+00    0.1001215618E+01    0.1009999588E+01
    0.7555000000E+01    0.9898848556E+00    0.9997830951E+00    0.1009999385E+01
    0.7565000000E+01    0.9893275193E+00    0.9992194896E+00    0.1009998681E+01
    0.7575000000E+01    0.9910387601E+00    0.1000948665E+01    0.1009999513E+01
    0.7585000000E+01    0.9901111766E+00    0.1000011805E+01    0.1009999512E+01
    0.7595000000E+01    0.9903655914E+00    0.1000268991E+01    0.1009999741E+01
    0.7605000000E+01    0.9897566185E+00    0.9996536086E+00    0.1009999418E+01
    0.7615000000E+01    0.9901171879E+00    0.1000017788E+01    0.1009999422E+01
    0.7625000000E+01    0.9905827883E+00    0.1000488470E+01    0.1009999853E+01
    0.7635000000E+01    0.9885483766E+00    0.9984322948E+00    0.1009998416E+01
    0.7645000000E+01    0.9902689264E+00    0.1000170189E+01    0.1009998560E+01
    0.7655000000E+01    0.9911321400E+00    0.1001042968E+01    0.1009999502E+01
    0.7665000000E+01    0.9909548087E+00    0.1000864638E+01    0.1010000284E+01
    0.7675000000E+01    0.9897022052E+00    0.9995991307E+00    0.1009999902E+01
    0.7685000000E+01    0.9903584732E+00    0.1000262190E+01    0.1010000133E+01
    0.7695000000E+01    0.9893724814E+00    0.9992656516E+00    0.1009999439E+01
    0.7705000000E+01    0.9903935008E+00    0.1000297143E+01    0.1009999704E+01
    0.7715000000E+01    0.9903041970E+00    0.1000207126E+01    0.1009999885E+01
    0.7725000000E+01    0.9904216245E+00    0.1000326018E+01    0.1010000179E+01
    0.7735000000E+01    0.9898738692E+00    0.9997725613E+00    0.1009999953E+01
    0.7745000000E+01    0.9891216875E+00    0.9990119227E+00    0.1009999008E+01
    0.7755000000E+01    0.9903853694E+00    0.1000288499E+01    0.1009999269E+01
    0.7765000000E+01    0.9900907030E+00    0.9999908653E+00    0.1009999248E+01
    0.7775000000E+01    0.9908176130E+00    0.1000725718E+01    0.1009999928E+01
    0.7785000000E+01    0.9903016886E+00    0.1000204816E+01    0.1010000112E+01
    0.7795000000E+01    0.9901785752E+00    0.1000080536E+01    0.1010000177E+01
    0.7805000000E+01    0.9902328207E+00    0.1000135441E+01    0.1010000295E+01
    0.7815000000E+01    0.9898000021E+00    0.9996979929E+00    0.1009999991E+01
    0.7825000000E+01    0.9893661601E+00    0.9992590883E+00    0.1009999259E+01
    0.7835000000E+01    0.9906550191E+00    0.1000561365E+01    0.1009999793E+01
    0.7845000000E+01    0.9893595553E+00    0.9992522104E+00    0.1009999049E+01
    0.7855000000E+01    0.9903756930E+00    0.1000278767E+01    0.1009999311E+01
    0.7865000000E+01    0.9901859001E+00    0.1000087149E+01    0.1009999384E+01
    0.7875000000E+01    0.9901115667E+00    0.1000012072E+01    0.1009999383E+01
    0.7885000000E+01    0.9906578420E+00    0.1000564352E+01    0.1009999931E+01
    0.7895000000E+01    0.9903963092E+00    0.1000300487E+01    0.1010000217E+01
    0.7905000000E+01    0.9894617233E+00    0.9993559062E+00    0.1009999561E+01
    0.7915000000E+01    0.9901872022E+00    0.1000088715E+01    0.1009999637E+01
    0.7925000000E+01    0.9916074803E+00    0.1001524704E+01    0.1010001159E+01
    0.7935000000E+01    0.9911283184E+00    0.1001041780E+01    0.1010002198E+01
    0.7945000000E+01    0.9902526509E+00    0.1000157499E+01    0.1010002345E+01
    0.7955000000E+01    0.9898736320E+00    0.9997744495E+00    0.1010002102E+01
    0.7965000000E+01    0.9897663096E+00    0.9996657033E+00    0.1010001749E+01
    0.7975000000E+01    0.9908919463E+00    0.1000803401E+01    0.1010002558E+01
    0.7985000000E+01    0.9895490033E+00    0.9994464494E+00    0.1010001977E+01
    0.7995000000E+01    0.9897715255E+00    0.9996708485E+00    0.1010001624E+01
    0.8005000000E+01    0.9904339016E+00    0.1000340185E+01    0.1010001963E+01
    0.8015000000E+01    0.9901652109E+00    0.1000068865E+01    0.1010002022E+01
    0.8025000000E+01    0.9902188010E+00    0.1000123105E+01    0.1010002137E+01
    0.8035000000E+01    0.9899139719E+00    0.9998150230E+00    0.1010001931E+01
    0.8045000000E+01    0.9898681579E+00    0.9997684974E+00    0.1010001675E+01
    0.8055000000E+01    0.9917449630E+00    0.1001665801E+01    0.1010003416E+01
    0.8065000000E+01    0.9905028824E+00    0.1000411713E+01    0.1010003838E+01
    0.8075000000E+01    0.9904332816E+00    0.1000341762E+01    0.1010004188E+01
    0.8085000000E+01    0.9893752766E+00    0.9992723932E+00    0.1010003400E+01
    0.8095000000E+01    0.9894207611E+00    0.9993175985E+00    0.1010002658E+01
    0.8105000000E+01    0.9898694977E+00    0.9997705672E+00    0.1010002399E+01
    0.8115000000E+01    0.9904463098E+00    0.1000353512E+01    0.1010002766E+01
    0.8125000000E+01    0.9900093477E+00    0.9999120722E+00    0.1010002658E+01
    0.8135000000E+01    0.9905274440E+00    0.1000435805E+01    0.1010003116E+01
    0.8145000000E+01    0.9894881476E+00    0.9993854384E+00    0.1010002435E+01
    0.8155000000E+01    0.9916067986E+00    0.1001526920E+01    0.1010004087E+01
    0.8165000000E+01    0.9897583472E+00    0.9996595941E+00    0.1010003701E+01
    0.8175000000E+01    0.9901617628E+00    0.1000067105E+01    0.1010003762E+01
    0.8185000000E+01    0.9903459647E+00    0.1000253413E+01    0.1010004028E+01
    0.8195000000E+01    0.9902215892E+00    0.1000127920E+01    0.1010004156E+01
    0.8205000000E+01    0.9902632291E+00    0.1000170150E+01    0.1010004331E+01
    0.8215000000E+01    0.9906316599E+00    0.1000542853E+01    0.1010004922E+01
    0.8225000000E+01    0.9916811914E+00    0.1001604651E+01    0.1010006703E+01
    0.8235000000E+01    0.9907171816E+00    0.1000631683E+01    0.1010007399E+01
    0.8245000000E+01    0.9903849243E+00    0.1000296418E+01    0.1010007719E+01
    0.8255000000E+01    0.9904429828E+00    0.1000355442E+01    0.1010008107E+01
    0.8265000000E+01    0.9897873638E+00    0.9996929031E+00    0.1010007745E+01
    0.8275000000E+01    0.9897957235E+00    0.9997009960E+00    0.1010007391E+01
    0.8285000000E+01    0.9893870811E+00    0.9992874451E+00    0.1010006563E+01
    0.8295000000E+01    0.9901814915E+00    0.1000089893E+01    0.1010006652E+01
    0.8305000000E+01    0.9905722733E+00    0.1000485125E+01    0.1010007196E+01
    0.8315000000E+01    0.9906597564E+00    0.1000574126E+01    0.1010007845E+01
    0.8325000000E+01    0.9906894497E+00    0.1000604797E+01    0.1010008532E+01
    0.8335000000E+01    0.9912416706E+00    0.1001163872E+01    0.1010009872E+01
    0.8345000000E+01    0.9901091890E+00    0.1000020064E+01    0.1010009881E+01
    0.8355000000E+01    0.9905602884E+00    0.1000476217E+01    0.1010010425E+01
    0.8365000000E+01    0.9907658551E+00    0.1000684625E+01    0.1010011215E+01
    0.8375000000E+01    0.9906247325E+00    0.1000542710E+01    0.1010011841E+01
    0.8385000000E+01    0.9907098896E+00    0.1000629444E+01    0.1010012572E+01
    0.8395000000E+01    0.9898869193E+00    0.9997979818E+00    0.1010012318E+01
    0.8405000000E+01    0.9899245794E+00    0.9998358111E+00    0.1010012108E+01
    0.8415000000E+01    0.9893340336E+00    0.9992384374E+00    0.1010011183E+01
    0.8425000000E+01    0.9895246576E+00    0.9994302788E+00    0.1010010484E+01
    0.8435000000E+01    0.9903368042E+00    0.1000250840E+01    0.1010010772E+01
    0.8445000000E+01    0.9903551771E+00    0.1000269706E+01    0.1010011084E+01
    0.8455000000E+01    0.9897934164E+00    0.9997019494E+00    0.1010010708E+01
    0.8465000000E+01    0.9905215716E+00    0.1000437908E+01    0.1010011227E+01
    0.8475000000E+01    0.9900364564E+00    0.9999478587E+00    0.1010011149E+01
    0.8485000000E+01    0.9898009668E+00    0.9997096448E+00    0.1010010778E+01
    0.8495000000E+01    0.9908463326E+00    0.1000766396E+01    0.1010011707E+01
    0.8505000000E+01    0.9897173604E+00    0.9996256487E+00    0.1010011230E+01
    0.8515000000E+01    0.9902326108E+00    0.1000146222E+01    0.1010011397E+01
    0.8525000000E+01    0.9900202639E+00    0.9999316510E+00    0.1010011297E+01
    0.8535000000E+01    0.9907650802E+00    0.1000684757E+01    0.1010012138E+01
    0.8545000000E+01    0.9903482412E+00    0.1000264057E+01    0.1010012454E+01
    0.8555000000E+01    0.9906109201E+00    0.1000530012E+01    0.1010013106E+01
    0.8565000000E+01    0.9897202610E+00    0.9996299577E+00    0.1010012624E+01
    0.8575000000E+01    0.9903356954E+00    0.1000251855E+01    0.1010012928E+01
    0.8585000000E+01    0.9900610836E+00    0.9999744472E+00    0.1010012881E+01
    0.8595000000E+01    0.9901315145E+00    0.1000045626E+01    0.1010012924E+01
    0.8605000000E+01    0.9910534955E+00    0.1000978065E+01    0.1010014161E+01
    0.8615000000E+01    0.9894422318E+00    0.9993498247E+00    0.1010013311E+01
    0.8625000000E+01    0.9893081016E+00    0.9992133330E+00    0.1010012282E+01
    0.8635000000E+01    0.9895076364E+00    0.9994141004E+00    0.1010011508E+01
    0.8645000000E+01    0.9899871123E+00    0.9998982309E+00    0.1010011361E+01
    0.8655000000E+01    0.9917206363E+00    0.1001651229E+01    0.1010013499E+01
    0.8665000000E+01    0.9910475748E+00    0.1000972674E+01    0.1010014756E+01
    0.8675000000E+01    0.9896428968E+00    0.9995533335E+00    0.1010014154E+01
    0.8685000000E+01    0.9896084354E+00    0.9995178833E+00    0.1010013504E+01
    0.8695000000E+01    0.9907329561E+00    0.1000654507E+01    0.1010014354E+01
    0.8705000000E+01    0.9899261175E+00    0.9998393621E+00    0.1010014126E+01
    0.8715000000E+01    0.9902917281E+00    0.1000208894E+01    0.1010014389E+01
    0.8725000000E+01    0.9906194850E+00    0.1000540634E+01    0.1010015096E+01
    0.8735000000E+01    0.9907035833E+00    0.1000626392E+01    0.1010015921E+01
    0.8745000000E+01    0.9907088185E+00    0.1000632508E+01    0.1010016757E+01
    0.8755000000E+01    0.9905828767E+00    0.1000505967E+01    0.1010017426E+01
    0.8765000000E+01    0.9902439986E+00    0.1000163899E+01    0.1010017633E+01
    0.8775000000E+01    0.9901573427E+00    0.1000076463E+01    0.1010017721E+01
    0.8785000000E+01    0.9901653771E+00    0.1000084677E+01    0.1010017821E+01
    0.8795000000E+01    0.9893554884E+00    0.9992656632E+00    0.1010016799E+01
    0.8805000000E+01    0.9903329265E+00    0.1000253222E+01    0.1010017132E+01
    0.8815000000E+01    0.9903295523E+00    0.1000250140E+01    0.1010017461E+01
    0.8825000000E+01    0.9905622738E+00    0.1000485845E+01    0.1010018119E+01
    0.8835000000E+01    0.9903261530E+00    0.1000247684E+01    0.1010018448E+01
    0.8845000000E+01    0.9897162205E+00    0.9996311155E+00    0.1010017917E+01
    0.8855000000E+01    0.9899860749E+00    0.9999035237E+00    0.1010017766E+01
    0.8865000000E+01    0.9901267963E+00    0.1000045703E+01    0.1010017814E+01
    0.8875000000E+01    0.9898288155E+00    0.9997443639E+00    0.1010017438E+01
    0.8885000000E+01    0.9892119836E+00    0.9991201038E+00    0.1010016175E+01
    0.8895000000E+01    0.9899925262E+00    0.9999083196E+00    0.1010016029E+01
    0.8905000000E+01    0.9901098207E+00    0.1000026811E+01    0.1010016051E+01
    0.8915000000E+01    0.9908806825E+00    0.1000806523E+01    0.1010017190E+01
    0.8925000000E+01    0.9896671447E+00    0.9995802153E+00    0.1010016570E+01
    0.8935000000E+01    0.9890342861E+00    0.9989394881E+00    0.1010015024E+01
    0.8945000000E+01    0.9904985883E+00    0.1000419040E+01    0.1010015615E+01
    0.8955000000E+01    0.9906955240E+00    0.1000618824E+01    0.1010016498E+01
    0.8965000000E+01    0.9906130822E+00    0.1000536315E+01    0.1010017264E+01
    0.8975000000E+01    0.9907217408E+00    0.1000646984E+01    0.1010018195E+01
    0.8985000000E+01    0.9913157421E+00    0.1001248740E+01    0.1010020014E+01
    0.8995000000E+01    0.9909167529E+00    0.1000846974E+01    0.1010021247E+01
    0.9005000000E+01    0.9892167555E+00    0.9991286484E+00    0.1010019940E+01
    0.9015000000E+01    0.9897179712E+00    0.9996343320E+00    0.1010019380E+01
    0.9025000000E+01    0.9907004730E+00    0.1000627589E+01    0.1010020300E+01
    0.9035000000E+01    0.9890319218E+00    0.9989407335E+00    0.1010018698E+01
    0.9045000000E+01    0.9906793882E+00    0.1000605590E+01    0.1010019591E+01
    0.9055000000E+01    0.9895586798E+00    0.9994728497E+00    0.1010018779E+01
    0.9065000000E+01    0.9900856077E+00    0.1000005048E+01    0.1010018770E+01
    0.9075000000E+01    0.9899714420E+00    0.9998895555E+00    0.1010018586E+01
    0.9085000000E+01    0.9895883418E+00    0.9995018488E+00    0.1010017809E+01
    0.9095000000E+01    0.9908588199E+00    0.1000786230E+01    0.1010018996E+01
    0.9105000000E+01    0.9901214243E+00    0.1000041493E+01    0.1010019042E+01
    0.9115000000E+01    0.9900803016E+00    0.9999999413E+00    0.1010019025E+01
    0.9125000000E+01    0.9896180147E+00    0.9995322896E+00    0.1010018285E+01
    0.9135000000E+01    0.9903180175E+00    0.1000239657E+01    0.1010018640E+01
    0.9145000000E+01    0.9900082004E+00    0.9999266057E+00    0.1010018508E+01
    0.9155000000E+01    0.9891783388E+00    0.9990869996E+00    0.1010017062E+01
    0.9165000000E+01    0.9898689962E+00    0.9997842228E+00    0.1010016706E+01
    0.9175000000E+01    0.9909301296E+00    0.1000857308E+01    0.1010018041E+01
    0.9185000000E+01    0.9899377076E+00    0.9998546991E+00    0.1010017793E+01
    0.9195000000E+01    0.9908342404E+00    0.1000761395E+01    0.1010018986E+01
    0.9205000000E+01    0.9899701041E+00    0.9998884072E+00    0.1010018791E+01
    0.9215000000E+01    0.9908483608E+00    0.1000776678E+01    0.1010020016E+01
    0.9225000000E+01    0.9903371058E+00    0.1000260697E+01    0.1010020418E+01
    0.9235000000E+01    0.9891793742E+00    0.9990898956E+00    0.1010018932E+01
    0.9245000000E+01    0.9903341054E+00    0.1000256590E+01    0.1010019330E+01
    0.9255000000E+01    0.9898306521E+00    0.9997476692E+00    0.1010018903E+01
    0.9265000000E+01    0.9908215674E+00    0.1000749707E+01    0.1010020108E+01
    0.9275000000E+01    0.9908195707E+00    0.1000748887E+01    0.1010021316E+01
    0.9285000000E+01    0.9907313702E+00    0.1000660861E+01    0.1010022385E+01
    0.9295000000E+01    0.9910703424E+00    0.1001004856E+01    0.1010024025E+01
    0.9305000000E+01    0.9916636573E+00    0.1001606739E+01    0.1010026668E+01
    0.9315000000E+01    0.9896377116E+00    0.9995597381E+00    0.1010025918E+01
    0.9325000000E+01    0.9906363179E+00    0.1000569280E+01    0.1010026850E+01
    0.9335000000E+01    0.9906187010E+00    0.1000552385E+01    0.1010027757E+01
    0.9345000000E+01    0.9908930639E+00    0.1000830865E+01    0.1010029136E+01
    0.9355000000E+01    0.9895858667E+00    0.9995097213E+00    0.1010028291E+01
    0.9365000000E+01    0.9901883404E+00    0.1000118418E+01    0.1010028473E+01
    0.9375000000E+01    0.9900230669E+00    0.9999513867E+00    0.1010028372E+01
    0.9385000000E+01    0.9904018086E+00    0.1000334474E+01    0.1010028925E+01
    0.9395000000E+01    0.9901421402E+00    0.1000072306E+01    0.1010029031E+01
    0.9405000000E+01    0.9902933566E+00    0.1000225405E+01    0.1010029400E+01
    0.9415000000E+01    0.9905759042E+00    0.1000511643E+01    0.1010030265E+01
    0.9425000000E+01    0.9897617446E+00    0.9996887650E+00    0.1010029707E+01
    0.9435000000E+01    0.9892567205E+00    0.9991772411E+00    0.1010028257E+01
    0.9445000000E+01    0.9901855529E+00    0.1000115570E+01    0.1010028440E+01
    0.9455000000E+01    0.9900756616E+00    0.1000004566E+01    0.1010028430E+01
    0.9465000000E+01    0.9896060210E+00    0.9995293772E+00    0.1010027583E+01
    0.9475000000E+01    0.9894826597E+00    0.9994037177E+00    0.1010026510E+01
    0.9485000000E+01    0.9908720510E+00    0.1000808442E+01    0.1010027926E+01
    0.9495000000E+01    0.9891265925E+00    0.9990437775E+00    0.1010026204E+01
    0.9505000000E+01    0.9899374495E+00    0.9998625022E+00    0.1010025939E+01
    0.9515000000E+01    0.9898147384E+00    0.9997380769E+00    0.1010025450E+01
    0.9525000000E+01    0.9895092654E+00    0.9994285038E+00    0.1010024402E+01
    0.9535000000E+01    0.9908052834E+00    0.1000738819E+01    0.1010025719E+01
    0.9545000000E+01    0.9904276162E+00    0.1000357990E+01    0.1010026350E+01
    0.9555000000E+01    0.9912138120E+00    0.1001154135E+01    0.1010028435E+01
    0.9565000000E+01    0.9902661995E+00    0.1000197358E+01    0.1010028776E+01
    0.9575000000E+01    0.9901962578E+00    0.1000126927E+01    0.1010028990E+01
    0.9585000000E+01    0.9896682662E+00    0.9995928776E+00    0.1010028220E+01
    0.9595000000E+01    0.9898574895E+00    0.9997835827E+00    0.1010027800E+01
    0.9605000000E+01    0.9894199397E+00    0.9993404131E+00    0.1010026555E+01
    0.9615000000E+01    0.9901301206E+00    0.1000057802E+01    0.1010026643E+01
    0.9625000000E+01    0.9894474678E+00    0.9993671122E+00    0.1010025438E+01
    0.9635000000E+01    0.9899548702E+00    0.9998793576E+00    0.1010025192E+01
    0.9645000000E+01    0.9900666170E+00    0.9999921906E+00    0.1010025157E+01
    0.9655000000E+01    0.9900014234E+00    0.9999261854E+00    0.1010024998E+01
    0.9665000000E+01    0.9911198053E+00    0.1001057755E+01    0.1010026991E+01
    0.9675000000E+01    0.9893099040E+00    0.9992282271E+00    0.1010025497E+01
    0.9685000000E+01    0.9897562264E+00    0.9996783939E+00    0.1010024860E+01
    0.9695000000E+01    0.9906800716E+00    0.1000612650E+01    0.1010026020E+01
    0.9705000000E+01    0.9907899894E+00    0.1000725039E+01    0.1010027402E+01
    0.9715000000E+01    0.9895762512E+00    0.9994981460E+00    0.1010026408E+01
    0.9725000000E+01    0.9907206930E+00    0.1000655308E+01    0.1010027665E+01
    0.9735000000E+01    0.9907572520E+00    0.1000693558E+01    0.1010029001E+01
    0.9745000000E+01    0.9905589754E+00    0.1000494235E+01    0.1010029952E+01
    0.9755000000E+01    0.9900299977E+00    0.9999598528E+00    0.1010029853E+01
    0.9765000000E+01    0.9897335984E+00    0.9996597937E+00    0.1010029159E+01
    0.9775000000E+01    0.9906635441E+00    0.1000600228E+01    0.1010030332E+01
    0.9785000000E+01    0.9909861876E+00    0.1000927923E+01    0.1010032164E+01
    0.9795000000E+01    0.9901375407E+00    0.1000070883E+01    0.1010032285E+01
    0.9805000000E+01    0.9900974661E+00    0.1000030447E+01    0.1010032326E+01
    0.9815000000E+01    0.9906823005E+00    0.1000622374E+01    0.1010033563E+01
    0.9825000000E+01    0.9896327722E+00    0.9995614137E+00    0.1010032652E+01
    0.9835000000E+01    0.9904716880E+00    0.1000409552E+01    0.1010033466E+01
    0.9845000000E+01    0.9898014274E+00    0.9997320029E+00    0.1010032897E+01
    0.9855000000E+01    0.9907301852E+00    0.1000671424E+01    0.1010034255E+01
    0.9865000000E+01    0.9903311081E+00    0.1000268871E+01    0.1010034788E+01
    0.9875000000E+01    0.9900341566E+00    0.9999688549E+00    0.1010034703E+01
    0.9885000000E+01    0.9902816145E+00    0.1000219226E+01    0.1010035137E+01
    0.9895000000E+01    0.9900260842E+00    0.9999610302E+00    0.1010035035E+01
    0.9905000000E+01    0.9897512140E+00    0.9996827226E+00    0.1010034349E+01
    0.9915000000E+01    0.9896185275E+00    0.9995477418E+00    0.1010033376E+01
    0.9925000000E+01    0.9901448419E+00    0.1000079482E+01    0.1010033522E+01
    0.9935000000E+01    0.9897880075E+00    0.9997184549E+00    0.1010032903E+01
    0.9945000000E+01    0.9900957421E+00    0.1000029318E+01    0.1010032944E+01
    0.9955000000E+01    0.9905266121E+00    0.1000465475E+01    0.1010033919E+01
    0.9965000000E+01    0.9897513739E+00    0.9996817605E+00    0.1010033213E+01
    0.9975000000E+01    0.9897652257E+00    0.9996950789E+00    0.1010032534E+01
    0.9985000000E+01    0.9891336653E+00    0.9990551366E+00    0.1010030466E+01
    0.9995000000E+01    0.9905532971E+00    0.1000490042E+01    0.1010031510E+01
    0.1000500000E+02    0.9909085192E+00    0.1000850647E+01    0.1010033346E+01
    0.1001500000E+02    0.9904526902E+00    0.1000391072E+01    0.1010034181E+01
    0.1002500000E+02    0.9899183260E+00    0.9998509992E+00    0.1010033831E+01
    0.1003500000E+02    0.9904736877E+00    0.1000412816E+01    0.1010034722E+01
    0.1004500000E+02    0.9898292990E+00    0.9997614143E+00    0.1010034170E+01
    0.1005500000E+02    0.9896536347E+00    0.9995830452E+00    0.1010033218E+01
    0.1006500000E+02    0.9890983903E+00    0.9990200371E+00    0.1010031001E+01
    0.1007500000E+02    0.9894314245E+00    0.9993549547E+00    0.1010029528E+01
    0.1008500000E+02    0.9908587903E+00    0.1000798401E+01    0.1010031309E+01
    0.1009500000E+02    0.9900175156E+00    0.9999485489E+00    0.1010031169E+01
    0.1010500000E+02    0.9891480300E+00    0.9990682200E+00    0.1010029025E+01
    0.1011500000E+02    0.9907593660E+00    0.1000697274E+01    0.1010030597E+01
    0.1012500000E+02    0.9902071084E+00    0.1000139772E+01    0.1010030895E+01
    0.1013500000E+02    0.9906877420E+00    0.1000626636E+01    0.1010032318E+01
    0.1014500000E+02    0.9894610410E+00    0.9993861989E+00    0.1010030873E+01
    0.1015500000E+02    0.9900926800E+00    0.1000024207E+01    0.1010030906E+01
    0.1016500000E+02    0.9904871630E+00    0.1000423604E+01    0.1010031873E+01
    0.1017500000E+02    0.9890551938E+00    0.9989748678E+00    0.1010029444E+01
    0.1018500000E+02    0.9905300907E+00    0.1000465621E+01    0.1010030518E+01
    0.1019500000E+02    0.9908770144E+00    0.1000817919E+01    0.1010032431E+01
    0.1020500000E+02    0.9898838449E+00    0.9998143261E+00    0.1010031966E+01
    0.1021500000E+02    0.9904405693E+00    0.1000377505E+01    0.1010032844E+01
    0.1022500000E+02    0.9899248621E+00    0.9998562592E+00    0.1010032476E+01
    0.1023500000E+02    0.9896786094E+00    0.9996065752E+00    0.1010031505E+01
    0.1024500000E+02    0.9904461530E+00    0.1000382712E+01    0.1010032407E+01
    0.1025500000E+02    0.9901679510E+00    0.1000101940E+01    0.1010032630E+01
    0.1026500000E+02    0.9907788890E+00    0.1000720726E+01    0.1010034365E+01
    0.1027500000E+02    0.9913662355E+00    0.1001317141E+01    0.1010037568E+01
    0.1028500000E+02    0.9899959202E+00    0.9999328842E+00    0.1010037379E+01
    0.1029500000E+02    0.9898370461E+00    0.9997718334E+00    0.1010036791E+01
    0.1030500000E+02    0.9902965513E+00    0.1000236508E+01    0.1010037354E+01
    0.1031500000E+02    0.9902190540E+00    0.1000158600E+01    0.1010037725E+01
    0.1032500000E+02    0.9898080855E+00    0.9997428452E+00    0.1010037057E+01
    0.1033500000E+02    0.9900041586E+00    0.9999407145E+00    0.1010036883E+01
    0.1034500000E+02    0.9902354792E+00    0.1000174770E+01    0.1010037300E+01
    0.1035500000E+02    0.9897691408E+00    0.9997029801E+00    0.1010036522E+01
    0.1036500000E+02    0.9897799580E+00    0.9997131578E+00    0.1010035766E+01
    0.1037500000E+02    0.9905174297E+00    0.1000459171E+01    0.1010036917E+01
    0.1038500000E+02    0.9889167836E+00    0.9988394826E+00    0.1010033907E+01
    0.1039500000E+02    0.9901162786E+00    0.1000051119E+01    0.1010034014E+01
    0.1040500000E+02    0.9904957544E+00    0.1000435497E+01    0.1010035119E+01
    0.1041500000E+02    0.9904465961E+00    0.1000386820E+01    0.1010036103E+01
    0.1042500000E+02    0.9908358716E+00    0.1000782006E+01    0.1010038125E+01
    0.1043500000E+02    0.9899136105E+00    0.9998500717E+00    0.1010037705E+01
    0.1044500000E+02    0.9899825591E+00    0.9999194767E+00    0.1010037467E+01
    0.1045500000E+02    0.9896102690E+00    0.9995422220E+00    0.1010036227E+01
    0.1046500000E+02    0.9898033349E+00    0.9997365048E+00    0.1010035499E+01
    0.1047500000E+02    0.9897767275E+00    0.9997088330E+00    0.1010034693E+01
    0.1048500000E+02    0.9904889492E+00    0.1000429320E+01    0.1010035822E+01
    0.1049500000E+02    0.9892093325E+00    0.9991345219E+00    0.1010033457E+01
    0.1050500000E+02    0.9901823444E+00    0.1000117587E+01    0.1010033750E+01
    0.1051500000E+02    0.9898255580E+00    0.9997565375E+00    0.1010033060E+01
    0.1052500000E+02    0.9903762381E+00    0.1000313568E+01    0.1010033894E+01
    0.1053500000E+02    0.9909010275E+00    0.1000845905E+01    0.1010036196E+01
    0.1054500000E+02    0.9907458709E+00    0.1000691059E+01    0.1010038082E+01
    0.1055500000E+02    0.9904726396E+00    0.1000416204E+01    0.1010039212E+01
    0.1056500000E+02    0.9900153199E+00    0.9999541404E+00    0.1010039057E+01
    0.1057500000E+02    0.9905605079E+00    0.1000506182E+01    0.1010040450E+01
    0.1058500000E+02    0.9904814450E+00    0.1000427492E+01    0.1010041628E+01
    0.1059500000E+02    0.9895367673E+00    0.9994718215E+00    0.1010040106E+01
    0.1060500000E+02    0.9902660395E+00    0.1000208978E+01    0.1010040674E+01
    0.1061500000E+02    0.9897452642E+00    0.9996820473E+00    0.1010039738E+01
    0.1062500000E+02    0.9904416924E+00    0.1000386540E+01    0.1010040821E+01
    0.1063500000E+02    0.9892933506E+00    0.9992244273E+00    0.1010038556E+01
    0.1064500000E+02    0.9908679498E+00    0.1000817153E+01    0.1010040897E+01
    0.1065500000E+02    0.9897904280E+00    0.9997280009E+00    0.1010040078E+01
    0.1066500000E+02    0.9898720662E+00    0.9998098807E+00    0.1010039494E+01
    0.1067500000E+02    0.9896846070E+00    0.9996194045E+00    0.1010038347E+01
    0.1068500000E+02    0.9895715899E+00    0.9995037745E+00    0.1010036853E+01
    0.1069500000E+02    0.9899102495E+00    0.9998453512E+00    0.1010036366E+01
    0.1070500000E+02    0.9900143065E+00    0.9999502780E+00    0.1010036190E+01
    0.1071500000E+02    0.9896314900E+00    0.9995622932E+00    0.1010034850E+01
    0.1072500000E+02    0.9907912161E+00    0.1000735825E+01    0.1010037038E+01
    0.1073500000E+02    0.9908061496E+00    0.1000753139E+01    0.1010039289E+01
    0.1074500000E+02    0.9908059439E+00    0.1000755179E+01    0.1010041558E+01
    0.1075500000E+02    0.9899756826E+00    0.9999162990E+00    0.1010041273E+01
    0.1076500000E+02    0.9899597273E+00    0.9998998507E+00    0.1010040937E+01
