L rho energy dudl virial
0.01 0.1 -3.176958 -317.640571 9.51791 [0.998421767, 0.9984229440000001, 0.998421597, 0.998420878, 0.998421941]
0.02 0.1 -6.369119 -318.160447 19.055487 [0.996844857, 0.9968435959999999, 0.9968422180000001, 0.996840858, 0.996843574]
0.03 0.1 -9.573465 -318.377209 28.603985 [0.995262769, 0.995266369, 0.9952614550000001, 0.995263947, 0.995263851]
0.04 0.1 -12.787681 -318.292053 38.15596 [0.993686575, 0.993686019, 0.993687597, 0.993683911, 0.993682401]
0.05 0.1 -16.007726 -317.851164 47.699411 [0.992105952, 0.992111898, 0.992107892, 0.992100911, 0.992103755]
0.06 0.1 -19.228713 -317.016886 57.222929 [0.990526925, 0.99053161, 0.990527137, 0.990530931, 0.9905352839999999]
0.07 0.1 -22.451522 -315.834096 66.720579 [0.9889456080000001, 0.9889447339999999, 0.988944099, 0.98895573, 0.988952942]
0.08 0.1 -25.665671 -314.179554 76.17284 [0.987372877, 0.987370372, 0.987375846, 0.987365032, 0.987369323]
0.09 0.1 -28.872465 -312.099625 85.570187 [0.985782213, 0.985777029, 0.985781692, 0.985782816, 0.985782559]
0.10 0.1 -32.063537 -309.523002 94.900723 [0.98418792, 0.984190738, 0.9841887, 0.984194034, 0.984193741]
0.11 0.1 -35.23783 -306.450276 104.143968 [0.982597713, 0.982600245, 0.982589726, 0.982592559, 0.982591456]
0.12 0.1 -38.385408 -302.813303 113.285551 [0.9809920050000001, 0.980995171, 0.98099812, 0.980996192, 0.98099118]
0.13 0.1 -41.504869 -298.615896 122.313109 [0.979368491, 0.979379581, 0.9793754589999999, 0.979370792, 0.9793815539999999]
0.14 0.1 -44.59125 -293.831056 131.210932 [0.977737926, 0.977739074, 0.977738532, 0.977740149, 0.977738447]
0.15 0.1 -47.636826 -288.414041 139.950905 [0.976090501, 0.9760754110000001, 0.9760760559999999, 0.976075527, 0.976081185]
0.16 0.1 -50.639136 -282.355216 148.51404 [0.974394804, 0.974408605, 0.974406333, 0.974401262, 0.974405577]
0.17 0.1 -53.592668 -275.630616 156.892311 [0.9726920699999999, 0.972674372, 0.972689015, 0.972700627, 0.972688261]
0.18 0.1 -56.490745 -268.225724 165.063936 [0.97095149, 0.970944094, 0.970937699, 0.970947877, 0.9709425890000001]
0.19 0.1 -59.328808 -260.100512 172.9935 [0.969167397, 0.969162121, 0.969161515, 0.969164176, 0.96917413]
0.20 0.1 -62.105049 -251.273948 180.676244 [0.967325476, 0.967333557, 0.9673334170000001, 0.96733055, 0.967324202]
0.21 0.1 -64.809269 -241.720806 188.078999 [0.965456085, 0.9654530619999999, 0.9654448449999999, 0.965452833, 0.965444151]
0.22 0.1 -67.445794 -231.453962 195.182776 [0.9635180990000001, 0.963520765, 0.96351778, 0.963519613, 0.963515744]
0.23 0.1 -70.008588 -220.487482 201.964266 [0.961510796, 0.9615216529999999, 0.961509327, 0.961534122, 0.961509293]
0.24 0.1 -72.490447 -208.794085 208.395221 [0.959444961, 0.959451251, 0.959459021, 0.95946036, 0.9594438919999999]
0.25 0.1 -74.902179 -196.451542 214.478241 [0.957316966, 0.957315119, 0.957295594, 0.9573010040000001, 0.957307032]
0.26 0.1 -77.231976 -183.464997 220.171794 [0.955087246, 0.955071145, 0.955080257, 0.955084665, 0.955082648]
0.27 0.1 -79.491233 -169.885654 225.479401 [0.952767185, 0.952792417, 0.9527911790000001, 0.9527798439999999, 0.9527952]
0.28 0.1 -81.67011 -155.749469 230.341178 [0.9503906719999999, 0.950393599, 0.950398274, 0.9503798539999999, 0.950391537]
0.29 0.1 -83.779876 -141.118852 234.767267 [0.9479009270000001, 0.9479025910000001, 0.947902766, 0.947907981, 0.9478976619999999]
0.30 0.1 -85.822548 -126.052338 238.745192 [0.9453387630000001, 0.945331701, 0.9453275590000001, 0.945333847, 0.9453298459999999]
0.31 0.1 -87.810694 -110.694375 242.282293 [0.942645794, 0.942636155, 0.94263188, 0.942639587, 0.942646445]
0.32 0.1 -89.742437 -95.09069 245.328664 [0.939861352, 0.939859574, 0.9398487170000001, 0.939865061, 0.939852082]
0.33 0.1 -91.626095 -79.231245 247.878172 [0.936969704, 0.936984894, 0.936979283, 0.936973976, 0.93698214]
0.34 0.1 -93.476527 -63.376585 249.967499 [0.9339892540000001, 0.933992417, 0.933992121, 0.93399013, 0.934007907]
0.35 0.1 -95.303448 -47.586437 251.582801 [0.93091032, 0.930896115, 0.930891445, 0.930880025, 0.930904737]
0.36 0.1 -97.103567 -31.847933 252.687611 [0.927703929, 0.927681188, 0.9277126680000001, 0.927701025, 0.927709224]
0.37 0.1 -98.886204 -16.274156 253.291456 [0.924432083, 0.924407113, 0.924411396, 0.924415752, 0.924433593]
0.38 0.1 -100.679848 -1.053021 253.450296 [0.921013129, 0.9210376730000001, 0.921016323, 0.9210280179999999, 0.9210131800000001]
0.39 0.1 -102.482099 13.730147 253.155677 [0.917542869, 0.9175423220000001, 0.917533242, 0.917530235, 0.917535752]
0.40 0.1 -104.282793 28.290614 252.374886 [0.913987138, 0.913975123, 0.9139705650000001, 0.9139697, 0.9139750799999999]
0.41 0.1 -106.104917 42.331733 251.132024 [0.910329859, 0.910305709, 0.910326234, 0.910295902, 0.910322248]
0.42 0.1 -107.9477 55.851352 249.493418 [0.9065721250000001, 0.906570545, 0.906587713, 0.90658773, 0.906590872]
0.43 0.1 -109.816674 68.873365 247.45147 [0.9027912170000001, 0.902778894, 0.902793524, 0.902792245, 0.9027903070000001]
0.44 0.1 -111.697529 81.498761 244.956977 [0.898905809, 0.898915378, 0.898916621, 0.898912712, 0.898919985]
0.45 0.1 -113.60543 93.603477 242.114617 [0.894984394, 0.894990391, 0.894972855, 0.894975359, 0.8949664129999999]
0.46 0.1 -115.520391 105.291009 238.883841 [0.891000056, 0.89099881, 0.8909987530000001, 0.8910198119999999, 0.890993721]
0.47 0.1 -117.463154 116.504437 235.341847 [0.886954432, 0.886948748, 0.886956372, 0.886955775, 0.88696407]
0.48 0.1 -119.408017 127.417511 231.388167 [0.882886614, 0.882883942, 0.8828653399999999, 0.88285068, 0.8828880210000001]
0.49 0.1 -121.358849 138.057073 227.108904 [0.878742625, 0.878757901, 0.878745536, 0.878752156, 0.8787477290000001]
0.50 0.1 -123.306978 148.386807 222.508645 [0.874570939, 0.874566132, 0.874599721, 0.874572092, 0.87457336]
0.51 0.1 -125.256941 158.453392 217.559085 [0.870369145, 0.870378054, 0.8703750219999999, 0.870370572, 0.870383007]
0.52 0.1 -127.197743 168.31212 212.344725 [0.8661397200000001, 0.866162134, 0.866175535, 0.866160402, 0.866127956]
0.53 0.1 -129.140675 177.93644 206.794003 [0.8618794869999999, 0.861878709, 0.8618865870000001, 0.861871245, 0.861905986]
0.54 0.1 -131.057068 187.492426 200.922142 [0.857589275, 0.857592189, 0.8575819, 0.857596568, 0.8576142259999999]
0.55 0.1 -132.977061 196.79337 194.779389 [0.8532864929999999, 0.853284024, 0.853279857, 0.853256375, 0.8532769929999999]
0.56 0.1 -134.871852 206.025134 188.324437 [0.848943456, 0.848932577, 0.848959892, 0.8489354819999999, 0.848935688]
0.57 0.1 -136.749339 215.147613 181.555965 [0.844578963, 0.844579391, 0.844611964, 0.844588512, 0.84454193]
0.58 0.1 -138.624298 224.055934 174.576471 [0.84019021, 0.8401883370000001, 0.8401950840000001, 0.84020044, 0.8401730190000001]
0.59 0.1 -140.474473 232.90503 167.279895 [0.835793697, 0.835780635, 0.835784126, 0.835780296, 0.835802317]
0.60 0.1 -142.296258 241.759099 159.635983 [0.8313715509999999, 0.831374348, 0.831387603, 0.8313547379999999, 0.831374974]
0.61 0.1 -144.108229 250.422701 151.800818 [0.826943863, 0.826974166, 0.826929719, 0.826935333, 0.826917255]
0.62 0.1 -145.896485 259.058121 143.625058 [0.822485824, 0.8225017290000001, 0.82249533, 0.822499713, 0.8224883789999999]
0.63 0.1 -147.662534 267.607966 135.185462 [0.818028602, 0.818022238, 0.818010297, 0.818013943, 0.818016888]
0.64 0.1 -149.402344 276.092419 126.494861 [0.813542972, 0.8135465, 0.813537309, 0.813562604, 0.8135551169999999]
0.65 0.1 -151.117564 284.513203 117.531885 [0.8090705499999999, 0.809076526, 0.809080374, 0.809062207, 0.809059553]
0.66 0.1 -152.829343 292.780345 108.315878 [0.804572403, 0.804589408, 0.8045740539999999, 0.804560929, 0.804575845]
0.67 0.1 -154.503727 301.049386 98.878899 [0.80006385, 0.8000385999999999, 0.800069178, 0.800073265, 0.800067156]
0.68 0.1 -156.143244 309.298698 89.076953 [0.7955333170000001, 0.795565779, 0.795525057, 0.795575743, 0.795542453]
0.69 0.1 -157.763098 317.547693 79.015127 [0.791024344, 0.7910181789999999, 0.7910468829999999, 0.791012944, 0.791033149]
0.70 0.1 -159.37954 325.568857 68.809966 [0.786462314, 0.786494195, 0.7864908500000001, 0.7864952350000001, 0.786493515]
0.71 0.1 -160.9433 333.718964 58.211 [0.781963112, 0.7819111030000001, 0.781977526, 0.781971277, 0.781959626]
0.72 0.1 -162.492238 341.735653 47.460793 [0.777411808, 0.777391713, 0.7774131280000001, 0.7774305779999999, 0.7774171599999999]
0.73 0.1 -164.010936 349.717578 36.412101 [0.772885308, 0.772855438, 0.772863013, 0.772847587, 0.772909011]
0.74 0.1 -165.500372 357.733265 25.06147 [0.768348413, 0.768310011, 0.768303425, 0.768312972, 0.768298522]
0.75 0.1 -166.980154 365.506334 13.635826 [0.7637649120000001, 0.763756609, 0.763736639, 0.763751756, 0.763770445]
0.76 0.1 -168.402034 373.532763 1.685814 [0.75919205, 0.759203775, 0.759199629, 0.7592042400000001, 0.759201012]
0.77 0.1 -169.816375 381.358819 -10.366692 [0.754647474, 0.754619402, 0.7546222890000001, 0.754636139, 0.7546571369999999]
0.78 0.1 -171.187616 389.270249 -22.80262 [0.750074922, 0.7500777240000001, 0.750075822, 0.750079458, 0.750088029]
0.79 0.1 -172.546126 397.065813 -35.338627 [0.7455131740000001, 0.745478952, 0.74551871, 0.745535717, 0.745555696]
0.80 0.1 -173.857362 404.916338 -48.253279 [0.740922894, 0.740942836, 0.740937665, 0.740947815, 0.7409595339999999]
0.81 0.1 -175.158554 412.624098 -61.278541 [0.73636732, 0.736395676, 0.736388102, 0.73637349, 0.7363861220000001]
0.82 0.1 -176.429698 420.377621 -74.684069 [0.7317726090000001, 0.731810973, 0.731803757, 0.7318023920000001, 0.731832174]
0.83 0.1 -177.634838 428.245083 -88.452582 [0.727235303, 0.727226021, 0.727258093, 0.727243731, 0.727226912]
0.84 0.1 -178.851311 435.876759 -102.262375 [0.7226758719999999, 0.7226911890000001, 0.722686002, 0.722650778, 0.722682544]
0.85 0.1 -180.011669 443.63516 -116.470494 [0.7181283249999999, 0.7181189910000001, 0.718101332, 0.718121444, 0.71811371]
0.86 0.1 -181.156971 451.26971 -130.786719 [0.713536744, 0.713566011, 0.7135277, 0.7135354650000001, 0.7135795739999999]
0.87 0.1 -182.278142 458.82433 -145.324822 [0.70895922, 0.708952346, 0.709004528, 0.708998987, 0.708997526]
0.88 0.1 -183.360589 466.51587 -160.290921 [0.704425565, 0.7043990170000001, 0.704436796, 0.704415963, 0.7043887369999999]
0.89 0.1 -184.423113 474.023111 -175.305029 [0.6998569699999999, 0.699883104, 0.69987535, 0.699863017, 0.699852276]
0.90 0.1 -185.438083 481.631293 -190.714338 [0.6953211020000001, 0.695302788, 0.695279601, 0.695296645, 0.695316507]
0.91 0.1 -186.424218 489.292843 -206.472055 [0.690726146, 0.69074185, 0.690775108, 0.690746957, 0.6907322920000001]
0.92 0.1 -187.397187 496.74183 -222.227396 [0.686195939, 0.68619529, 0.686193381, 0.6862103159999999, 0.686165345]
0.93 0.1 -188.32474 504.378768 -238.48822 [0.6816883490000001, 0.681616939, 0.6816428809999999, 0.6816232360000001, 0.681630344]
0.94 0.1 -189.215885 511.869226 -254.82638 [0.6770946849999999, 0.677097117, 0.677109907, 0.677114774, 0.677110538]
0.95 0.1 -190.095889 519.443685 -271.512583 [0.672558557, 0.672562667, 0.6725513839999999, 0.672554035, 0.672551617]
0.96 0.1 -190.911304 527.07527 -288.600629 [0.668024994, 0.668037455, 0.668018642, 0.668012515, 0.668024153]
0.97 0.1 -191.701381 534.608461 -305.833644 [0.6634941679999999, 0.663490743, 0.663531279, 0.6634763960000001, 0.66350222]
0.98 0.1 -192.486414 542.015641 -323.132906 [0.6589736660000001, 0.658937796, 0.6589733579999999, 0.658965195, 0.6589718920000001]
0.99 0.1 -193.240989 549.456871 -340.746617 [0.65441535, 0.654438665, 0.6544118290000001, 0.654445861, 0.654442492]
1.00 0.1 -193.940351 556.96581 -358.732146 [0.649921711, 0.649906495, 0.649922164, 0.649911144, 0.649927197]
