L rho energy dudl virial
0.01 0.07 -0.441193 -44.111705 1.321794 [0.99873754, 0.99873073, 0.9987352, 0.998737225, 0.9987292050000001]
0.02 0.07 -0.884471 -44.182506 2.646338 [0.9974784649999999, 0.9974597700000001, 0.99746729, 0.9974695849999999, 0.997472155]
0.03 0.07 -1.329627 -44.218608 3.972581 [0.99619411, 0.99620511, 0.9962028350000001, 0.996199705, 0.996198455]
0.04 0.07 -1.775759 -44.19937 5.298613 [0.994937065, 0.9949261149999999, 0.99493558, 0.99492793, 0.9949436549999999]
0.05 0.07 -2.222901 -44.138652 6.62396 [0.9936675850000001, 0.99367021, 0.9936673, 0.9936660049999999, 0.993672325]
0.06 0.07 -2.670018 -44.019685 7.946043 [0.992397755, 0.9923974950000001, 0.99239712, 0.99239609, 0.9924031449999999]
0.07 0.07 -3.117522 -43.855675 9.264717 [0.9911415100000001, 0.991142885, 0.991133195, 0.99113334, 0.99114054]
0.08 0.07 -3.564005 -43.628492 10.577316 [0.98985974, 0.989871625, 0.9898671450000001, 0.989862585, 0.98987099]
0.09 0.07 -4.008506 -43.330883 11.881181 [0.988597105, 0.9885984000000001, 0.988587, 0.98858722, 0.98860258]
0.10 0.07 -4.451506 -42.972025 13.175209 [0.9873190350000001, 0.9873191299999999, 0.98732334, 0.987316555, 0.98731198]
0.11 0.07 -4.891476 -42.538823 14.458283 [0.986045225, 0.98604421, 0.98604465, 0.9860487099999999, 0.986043035]
0.12 0.07 -5.329112 -42.040996 15.728906 [0.984756235, 0.98475253, 0.984747645, 0.9847497249999999, 0.98474202]
0.13 0.07 -5.761251 -41.449392 16.979692 [0.983461355, 0.983469605, 0.9834570149999999, 0.9834681750000001, 0.983446065]
0.14 0.07 -6.189556 -40.785847 18.214632 [0.982136335, 0.9821405700000001, 0.982134045, 0.98215462, 0.982125165]
0.15 0.07 -6.612814 -40.039265 19.428386 [0.9808206450000001, 0.98080741, 0.980817335, 0.980810635, 0.9808076400000001]
0.16 0.07 -7.029249 -39.194944 20.61727 [0.9794811999999999, 0.9794597300000001, 0.97946836, 0.97947193, 0.97947742]
0.17 0.07 -7.437715 -38.254558 21.777896 [0.9781169599999999, 0.978101825, 0.97808786, 0.9781038049999999, 0.97810609]
0.18 0.07 -7.840386 -37.22948 22.911731 [0.976714935, 0.97670783, 0.976695145, 0.9766976, 0.976728015]
0.19 0.07 -8.233312 -36.099452 24.011947 [0.97527133, 0.975284745, 0.975271645, 0.975264345, 0.97530236]
0.20 0.07 -8.618661 -34.875688 25.075892 [0.973819575, 0.97380361, 0.97385644, 0.973821705, 0.973825835]
0.21 0.07 -8.994034 -33.550816 26.103502 [0.972338905, 0.9723382700000001, 0.972321275, 0.9723406800000001, 0.972314905]
0.22 0.07 -9.359758 -32.123706 27.087753 [0.970799465, 0.9708011649999999, 0.97080037, 0.9707930300000001, 0.9707986399999999]
0.23 0.07 -9.714206 -30.602687 28.029857 [0.9692014449999999, 0.96921144, 0.96921916, 0.96923116, 0.9692234150000001]
0.24 0.07 -10.060366 -28.989103 28.924962 [0.967580695, 0.967610705, 0.967631535, 0.9675922100000001, 0.96759105]
0.25 0.07 -10.393749 -27.277659 29.768474 [0.96593639, 0.96593364, 0.96590509, 0.965917745, 0.9659084]
0.26 0.07 -10.716997 -25.480444 30.557028 [0.964170545, 0.96419238, 0.96420371, 0.96420264, 0.964169095]
0.27 0.07 -11.030111 -23.598584 31.292352 [0.96238202, 0.9623566050000001, 0.9623728, 0.96238104, 0.9624036549999999]
0.28 0.07 -11.333695 -21.636886 31.966908 [0.96053637, 0.96051602, 0.9605246599999999, 0.96053453, 0.960518045]
0.29 0.07 -11.626715 -19.606731 32.589297 [0.9586302900000001, 0.95858702, 0.95858646, 0.958588575, 0.9585985]
0.30 0.07 -11.911234 -17.539206 33.140448 [0.95659822, 0.956611145, 0.956593535, 0.956596825, 0.95662015]
0.31 0.07 -12.18728 -15.412538 33.632075 [0.95454066, 0.95452031, 0.9545159249999999, 0.954557885, 0.9545529]
0.32 0.07 -12.458307 -13.256875 34.057755 [0.95235956, 0.952406285, 0.952391925, 0.952393475, 0.952383565]
0.33 0.07 -12.719572 -11.075949 34.415454 [0.9501914300000001, 0.950194915, 0.950186295, 0.95018899, 0.95016722]
0.34 0.07 -12.980371 -8.910446 34.7154 [0.94785738, 0.9478917200000001, 0.9478941750000001, 0.94790398, 0.947909025]
0.35 0.07 -13.233084 -6.713503 34.93858 [0.9455550500000001, 0.945528725, 0.945545705, 0.945534075, 0.9455309249999999]
0.36 0.07 -13.485077 -4.53039 35.09573 [0.9431151900000001, 0.9430929299999999, 0.9431390550000001, 0.94311804, 0.94311192]
0.37 0.07 -13.737959 -2.40528 35.196226 [0.940607585, 0.94062948, 0.9405676949999999, 0.9405894450000001, 0.9406349]
0.38 0.07 -13.989687 -0.311955 35.225185 [0.938024265, 0.938039095, 0.938019735, 0.93801111, 0.938027925]
0.39 0.07 -14.244451 1.705183 35.198409 [0.93540264, 0.935397775, 0.93541844, 0.93537431, 0.9354015]
0.40 0.07 -14.497252 3.708237 35.103652 [0.9327260100000001, 0.9327376949999999, 0.9326993400000001, 0.932718215, 0.932689165]
0.41 0.07 -14.753994 5.627602 34.949338 [0.92995782, 0.929990365, 0.9299775, 0.92994366, 0.9299906499999999]
0.42 0.07 -15.014458 7.47192 34.736285 [0.927157485, 0.927157805, 0.927100365, 0.92714802, 0.927121895]
0.43 0.07 -15.277806 9.269843 34.458338 [0.9242848699999999, 0.924249135, 0.924309315, 0.924271415, 0.924254025]
0.44 0.07 -15.543288 11.01039 34.13098 [0.921365695, 0.921344685, 0.921355845, 0.92134527, 0.9213658899999999]
0.45 0.07 -15.816252 12.620492 33.775171 [0.918401535, 0.918427905, 0.9183938, 0.918428545, 0.9183943999999999]
0.46 0.07 -16.083246 14.242086 33.337597 [0.915450625, 0.91539918, 0.91542532, 0.9154370549999999, 0.915440635]
0.47 0.07 -16.357752 15.789505 32.859762 [0.91238266, 0.912417375, 0.91235022, 0.912407875, 0.912447225]
0.48 0.07 -16.631109 17.291377 32.33687 [0.90936193, 0.90933365, 0.909341395, 0.909324065, 0.90933527]
0.49 0.07 -16.90535 18.746966 31.76054 [0.9062500200000001, 0.906255165, 0.9062279550000001, 0.9062515950000001, 0.90625672]
0.50 0.07 -17.183832 20.133673 31.156101 [0.9031356100000001, 0.90316021, 0.90310954, 0.903100445, 0.903099265]
0.51 0.07 -17.458821 21.526825 30.497838 [0.899955555, 0.89997812, 0.899989495, 0.899960665, 0.899944905]
0.52 0.07 -17.730759 22.879445 29.793773 [0.89681371, 0.896808225, 0.89682181, 0.89682487, 0.89681733]
0.53 0.07 -18.004789 24.190966 29.063584 [0.893655895, 0.8936445500000001, 0.8936152749999999, 0.89361185, 0.893644195]
0.54 0.07 -18.277465 25.488166 28.273967 [0.890451275, 0.89039111, 0.890418935, 0.89041881, 0.890387635]
0.55 0.07 -18.551423 26.7483 27.475877 [0.887175085, 0.8871690750000001, 0.887192955, 0.88719576, 0.887179315]
0.56 0.07 -18.820632 27.99199 26.607485 [0.883993915, 0.8839238, 0.883907045, 0.883968585, 0.883959575]
0.57 0.07 -19.084437 29.256557 25.702833 [0.8806894949999999, 0.88065225, 0.880685665, 0.880659795, 0.88065876]
0.58 0.07 -19.350837 30.47116 24.774386 [0.8773892999999999, 0.8773984800000001, 0.8774198950000001, 0.8773669150000001, 0.87739862]
0.59 0.07 -19.61431 31.652703 23.809833 [0.8740851700000001, 0.874042325, 0.874117815, 0.87410055, 0.87405804]
0.60 0.07 -19.871567 32.897533 22.756607 [0.87078524, 0.870837215, 0.870797435, 0.870784385, 0.870837935]
0.61 0.07 -20.125292 34.070693 21.719866 [0.867477465, 0.867485245, 0.867511255, 0.867439155, 0.86747586]
0.62 0.07 -20.382804 35.214895 20.666202 [0.864134945, 0.864126245, 0.86412206, 0.8641564100000001, 0.86412372]
0.63 0.07 -20.630752 36.39533 19.52049 [0.8608363450000001, 0.860824875, 0.8608116800000001, 0.86084056, 0.860834055]
0.64 0.07 -20.876512 37.565925 18.354029 [0.857448695, 0.8574422749999999, 0.85744114, 0.857453345, 0.85745964]
0.65 0.07 -21.123129 38.685925 17.178107 [0.854109145, 0.8540936699999999, 0.854062905, 0.854089235, 0.85409311]
0.66 0.07 -21.359889 39.865321 15.904197 [0.85071595, 0.8506977600000001, 0.850688545, 0.85066897, 0.85074878]
0.67 0.07 -21.596371 40.980124 14.648407 [0.8473325549999999, 0.8473830099999999, 0.84730729, 0.847365585, 0.847338975]
0.68 0.07 -21.830026 42.089443 13.355434 [0.84391503, 0.843970235, 0.84397683, 0.84401177, 0.843907295]
0.69 0.07 -22.06238 43.200891 12.021385 [0.8404695950000001, 0.84053751, 0.84059035, 0.840517215, 0.840552365]
0.70 0.07 -22.285648 44.304574 10.654362 [0.837177115, 0.8371914, 0.83716799, 0.8372145099999999, 0.83712349]
0.71 0.07 -22.511014 45.406174 9.247811 [0.833802045, 0.83375159, 0.83372413, 0.8337531300000001, 0.833703495]
0.72 0.07 -22.729031 46.472654 7.826581 [0.830338385, 0.830324415, 0.83035528, 0.83035192, 0.83032661]
0.73 0.07 -22.940659 47.583906 6.321772 [0.826927695, 0.8268940650000001, 0.826927505, 0.82693832, 0.826939685]
0.74 0.07 -23.154166 48.648899 4.844584 [0.823431315, 0.8234527700000001, 0.8234956849999999, 0.823460525, 0.8235289349999999]
0.75 0.07 -23.356967 49.754026 3.277819 [0.82005934, 0.82009065, 0.82006927, 0.8201074500000001, 0.820073475]
0.76 0.07 -23.565433 50.769937 1.753257 [0.816623475, 0.8166074999999999, 0.81662541, 0.8166034600000001, 0.816606065]
0.77 0.07 -23.767376 51.849014 0.125932 [0.8131656899999999, 0.8132195950000001, 0.81315623, 0.8131485199999999, 0.81317829]
0.78 0.07 -23.955283 52.943415 -1.547876 [0.80977554, 0.80974843, 0.809716125, 0.809711485, 0.80976833]
0.79 0.07 -24.146013 53.992214 -3.221793 [0.80634246, 0.806340265, 0.806346655, 0.80630413, 0.806234765]
0.80 0.07 -24.329346 55.067329 -4.963464 [0.80286709, 0.80288978, 0.80291025, 0.80283119, 0.802906]
0.81 0.07 -24.510956 56.112793 -6.691972 [0.799425915, 0.7994329200000001, 0.79942099, 0.7994339850000001, 0.7994504899999999]
0.82 0.07 -24.688883 57.146199 -8.448008 [0.796001885, 0.7959156700000001, 0.795926135, 0.79596987, 0.79603075]
0.83 0.07 -24.85594 58.229801 -10.31661 [0.7925724949999999, 0.79251151, 0.7925292150000001, 0.79258072, 0.792529845]
0.84 0.07 -25.028461 59.232868 -12.115453 [0.789052335, 0.789116455, 0.78911533, 0.789074595, 0.789110865]
0.85 0.07 -25.191385 60.270581 -13.99377 [0.78560343, 0.785640385, 0.78559549, 0.785645675, 0.785632235]
0.86 0.07 -25.350345 61.332617 -15.946851 [0.782144595, 0.7822005299999999, 0.782179425, 0.782187985, 0.782142205]
0.87 0.07 -25.511531 62.289284 -17.800033 [0.77869323, 0.77865468, 0.7786670149999999, 0.778685545, 0.7787545]
0.88 0.07 -25.658911 63.385496 -19.851334 [0.7752565600000001, 0.77527541, 0.775248155, 0.7752095999999999, 0.7752408399999999]
0.89 0.07 -25.806213 64.346595 -21.793752 [0.771808575, 0.771773415, 0.77180441, 0.77180715, 0.771792585]
0.90 0.07 -25.950052 65.403345 -23.885199 [0.76830763, 0.7683329999999999, 0.7683204450000001, 0.7683055750000001, 0.76839144]
0.91 0.07 -26.083127 66.424786 -25.947964 [0.7648683199999999, 0.764885055, 0.764921925, 0.764925615, 0.76488818]
0.92 0.07 -26.219151 67.444835 -28.076392 [0.7613854, 0.7614305450000001, 0.76138286, 0.761390855, 0.761465795]
0.93 0.07 -26.348446 68.437096 -30.193843 [0.75797908, 0.7579853400000001, 0.757961875, 0.75796156, 0.757965285]
0.94 0.07 -26.471325 69.466956 -32.382179 [0.754507205, 0.754483365, 0.7545051, 0.754576295, 0.7544442549999999]
0.95 0.07 -26.585745 70.492714 -34.637052 [0.75106983, 0.751065875, 0.7510541900000001, 0.7510695350000001, 0.7511015000000001]
0.96 0.07 -26.69911 71.503769 -36.866953 [0.74758743, 0.747612925, 0.74762359, 0.747534135, 0.74763248]
0.97 0.07 -26.813164 72.471559 -39.112385 [0.744101175, 0.744176585, 0.7441530249999999, 0.74417979, 0.744162585]
0.98 0.07 -26.917621 73.46161 -41.405322 [0.74072429, 0.7406843249999999, 0.740696015, 0.74071062, 0.74071624]
0.99 0.07 -27.01611 74.482937 -43.779813 [0.73722797, 0.737227085, 0.737197025, 0.737275395, 0.737242655]
1.00 0.07 -27.117507 75.441402 -46.0943 [0.7338094900000001, 0.7338122650000001, 0.73377487, 0.73380305, 0.73378394]
